,image,inference time,label1,index1,value1,label2,index2,value2,label3,index3,value3,label4,index4,value4,label5,index5,value5
0,/home/pi/sambashare/BacArbeit/randomized_iamges/0.jpg,0.031111902000020564,False,False,False,False,False,False,False,False,False,False,False,False,False,False,False
1,/home/pi/sambashare/BacArbeit/randomized_iamges/1.jpg,0.029367088000071817,False,False,False,False,False,False,False,False,False,False,False,False,False,False,False
2,/home/pi/sambashare/BacArbeit/randomized_iamges/2.jpg,0.029496956000002683,False,False,False,False,False,False,False,False,False,False,False,False,False,False,False
3,/home/pi/sambashare/BacArbeit/randomized_iamges/3.jpg,0.02950436300011461,False,False,False,False,False,False,False,False,False,False,False,False,False,False,False
4,/home/pi/sambashare/BacArbeit/randomized_iamges/4.jpg,0.02935921700009203,False,False,False,False,False,False,False,False,False,False,False,False,False,False,False
5,/home/pi/sambashare/BacArbeit/randomized_iamges/5.jpg,0.029290996000099767,False,False,False,False,False,False,False,False,False,False,False,False,False,False,False
6,/home/pi/sambashare/BacArbeit/randomized_iamges/6.jpg,0.029387012999904982,False,False,False,False,False,False,False,False,False,False,False,False,False,False,False
7,/home/pi/sambashare/BacArbeit/randomized_iamges/7.jpg,0.029480290000037712,False,False,False,False,False,False,False,False,False,False,False,False,False,False,False
8,/home/pi/sambashare/BacArbeit/randomized_iamges/8.jpg,0.029490957000007256,False,False,False,False,False,False,False,False,False,False,False,False,False,False,False
9,/home/pi/sambashare/BacArbeit/randomized_iamges/9.jpg,0.029223256000022957,False,False,False,False,False,False,False,False,False,False,False,False,False,False,False
10,/home/pi/sambashare/BacArbeit/randomized_iamges/10.jpg,0.029755509000096936,False,False,False,False,False,False,False,False,False,False,False,False,False,False,False
11,/home/pi/sambashare/BacArbeit/randomized_iamges/11.jpg,0.029356810000081168,False,False,False,False,False,False,False,False,False,False,False,False,False,False,False
12,/home/pi/sambashare/BacArbeit/randomized_iamges/12.jpg,0.02924386700010473,False,False,False,False,False,False,False,False,False,False,False,False,False,False,False
13,/home/pi/sambashare/BacArbeit/randomized_iamges/13.jpg,0.029430178999973577,False,False,False,False,False,False,False,False,False,False,False,False,False,False,False
14,/home/pi/sambashare/BacArbeit/randomized_iamges/14.jpg,0.02920747799998935,False,False,False,False,False,False,False,False,False,False,False,False,False,False,False
15,/home/pi/sambashare/BacArbeit/randomized_iamges/15.jpg,0.029421104999983072,False,False,False,False,False,False,False,False,False,False,False,False,False,False,False
16,/home/pi/sambashare/BacArbeit/randomized_iamges/16.jpg,0.029332736000014847,False,False,False,False,False,False,False,False,False,False,False,False,False,False,False
17,/home/pi/sambashare/BacArbeit/randomized_iamges/17.jpg,0.02934931000004326,False,False,False,False,False,False,False,False,False,False,False,False,False,False,False
18,/home/pi/sambashare/BacArbeit/randomized_iamges/18.jpg,0.029344403000095554,False,False,False,False,False,False,False,False,False,False,False,False,False,False,False
19,/home/pi/sambashare/BacArbeit/randomized_iamges/19.jpg,0.029224718999785182,False,False,False,False,False,False,False,False,False,False,False,False,False,False,False
20,/home/pi/sambashare/BacArbeit/randomized_iamges/20.jpg,0.029304421000006187,False,False,False,False,False,False,False,False,False,False,False,False,False,False,False
21,/home/pi/sambashare/BacArbeit/randomized_iamges/21.jpg,0.02929458800008433,False,False,False,False,False,False,False,False,False,False,False,False,False,False,False
22,/home/pi/sambashare/BacArbeit/randomized_iamges/22.jpg,0.02918744099997639,False,False,False,False,False,False,False,False,False,False,False,False,False,False,False
23,/home/pi/sambashare/BacArbeit/randomized_iamges/23.jpg,0.029695510000010472,False,False,False,False,False,False,False,False,False,False,False,False,False,False,False
24,/home/pi/sambashare/BacArbeit/randomized_iamges/24.jpg,0.029419864999908896,False,False,False,False,False,False,False,False,False,False,False,False,False,False,False
25,/home/pi/sambashare/BacArbeit/randomized_iamges/25.jpg,0.02926019999995333,False,False,False,False,False,False,False,False,False,False,False,False,False,False,False
26,/home/pi/sambashare/BacArbeit/randomized_iamges/26.jpg,0.02919110799984992,False,False,False,False,False,False,False,False,False,False,False,False,False,False,False
27,/home/pi/sambashare/BacArbeit/randomized_iamges/27.jpg,0.0298398970001017,False,False,False,False,False,False,False,False,False,False,False,False,False,False,False
28,/home/pi/sambashare/BacArbeit/randomized_iamges/28.jpg,0.029402938999965045,False,False,False,False,False,False,False,False,False,False,False,False,False,False,False
29,/home/pi/sambashare/BacArbeit/randomized_iamges/29.jpg,0.029343290999804594,False,False,False,False,False,False,False,False,False,False,False,False,False,False,False
30,/home/pi/sambashare/BacArbeit/randomized_iamges/30.jpg,0.029182275000039226,False,False,False,False,False,False,False,False,False,False,False,False,False,False,False
31,/home/pi/sambashare/BacArbeit/randomized_iamges/31.jpg,0.029220608000059656,False,False,False,False,False,False,False,False,False,False,False,False,False,False,False
32,/home/pi/sambashare/BacArbeit/randomized_iamges/32.jpg,0.029281126000114455,False,False,False,False,False,False,False,False,False,False,False,False,False,False,False
33,/home/pi/sambashare/BacArbeit/randomized_iamges/33.jpg,0.029193330999987666,False,False,False,False,False,False,False,False,False,False,False,False,False,False,False
34,/home/pi/sambashare/BacArbeit/randomized_iamges/34.jpg,0.029336012999920058,False,False,False,False,False,False,False,False,False,False,False,False,False,False,False
35,/home/pi/sambashare/BacArbeit/randomized_iamges/35.jpg,0.029188589000114007,False,False,False,False,False,False,False,False,False,False,False,False,False,False,False
36,/home/pi/sambashare/BacArbeit/randomized_iamges/36.jpg,0.029245606999893425,False,False,False,False,False,False,False,False,False,False,False,False,False,False,False
37,/home/pi/sambashare/BacArbeit/randomized_iamges/37.jpg,0.029187071000023934,False,False,False,False,False,False,False,False,False,False,False,False,False,False,False
38,/home/pi/sambashare/BacArbeit/randomized_iamges/38.jpg,0.029729120999945735,False,False,False,False,False,False,False,False,False,False,False,False,False,False,False
39,/home/pi/sambashare/BacArbeit/randomized_iamges/39.jpg,0.029452049999918017,False,False,False,False,False,False,False,False,False,False,False,False,False,False,False
40,/home/pi/sambashare/BacArbeit/randomized_iamges/40.jpg,0.029049127999996927,False,False,False,False,False,False,False,False,False,False,False,False,False,False,False
41,/home/pi/sambashare/BacArbeit/randomized_iamges/41.jpg,0.02929392199985159,False,False,False,False,False,False,False,False,False,False,False,False,False,False,False
42,/home/pi/sambashare/BacArbeit/randomized_iamges/42.jpg,0.02973819499993624,False,False,False,False,False,False,False,False,False,False,False,False,False,False,False
43,/home/pi/sambashare/BacArbeit/randomized_iamges/43.jpg,0.029510863999803405,False,False,False,False,False,False,False,False,False,False,False,False,False,False,False
44,/home/pi/sambashare/BacArbeit/randomized_iamges/44.jpg,0.029272033000097508,False,False,False,False,False,False,False,False,False,False,False,False,False,False,False
45,/home/pi/sambashare/BacArbeit/randomized_iamges/45.jpg,0.029382292000036614,False,False,False,False,False,False,False,False,False,False,False,False,False,False,False
46,/home/pi/sambashare/BacArbeit/randomized_iamges/46.jpg,0.029377884000041377,False,False,False,False,False,False,False,False,False,False,False,False,False,False,False
47,/home/pi/sambashare/BacArbeit/randomized_iamges/47.jpg,0.029369995000024574,False,False,False,False,False,False,False,False,False,False,False,False,False,False,False
48,/home/pi/sambashare/BacArbeit/randomized_iamges/48.jpg,0.029354605999969863,False,False,False,False,False,False,False,False,False,False,False,False,False,False,False
49,/home/pi/sambashare/BacArbeit/randomized_iamges/49.jpg,0.029309403000070233,False,False,False,False,False,False,False,False,False,False,False,False,False,False,False
50,/home/pi/sambashare/BacArbeit/randomized_iamges/50.jpg,0.02949143799992271,False,False,False,False,False,False,False,False,False,False,False,False,False,False,False
51,/home/pi/sambashare/BacArbeit/randomized_iamges/51.jpg,0.029325069999913467,False,False,False,False,False,False,False,False,False,False,False,False,False,False,False
52,/home/pi/sambashare/BacArbeit/randomized_iamges/52.jpg,0.02936771800000315,False,False,False,False,False,False,False,False,False,False,False,False,False,False,False
53,/home/pi/sambashare/BacArbeit/randomized_iamges/53.jpg,0.029798991000006936,False,False,False,False,False,False,False,False,False,False,False,False,False,False,False
54,/home/pi/sambashare/BacArbeit/randomized_iamges/54.jpg,0.029458159999876443,False,False,False,False,False,False,False,False,False,False,False,False,False,False,False
55,/home/pi/sambashare/BacArbeit/randomized_iamges/55.jpg,0.029426975999967908,False,False,False,False,False,False,False,False,False,False,False,False,False,False,False
56,/home/pi/sambashare/BacArbeit/randomized_iamges/56.jpg,0.029298513999947318,False,False,False,False,False,False,False,False,False,False,False,False,False,False,False
57,/home/pi/sambashare/BacArbeit/randomized_iamges/57.jpg,0.029298792000190588,False,False,False,False,False,False,False,False,False,False,False,False,False,False,False
58,/home/pi/sambashare/BacArbeit/randomized_iamges/58.jpg,0.029459734999818465,False,False,False,False,False,False,False,False,False,False,False,False,False,False,False
59,/home/pi/sambashare/BacArbeit/randomized_iamges/59.jpg,0.02933318100008364,False,False,False,False,False,False,False,False,False,False,False,False,False,False,False
60,/home/pi/sambashare/BacArbeit/randomized_iamges/60.jpg,0.029320348000055674,False,False,False,False,False,False,False,False,False,False,False,False,False,False,False
61,/home/pi/sambashare/BacArbeit/randomized_iamges/61.jpg,0.029406401999949594,False,False,False,False,False,False,False,False,False,False,False,False,False,False,False
62,/home/pi/sambashare/BacArbeit/randomized_iamges/62.jpg,0.029430049999973562,False,False,False,False,False,False,False,False,False,False,False,False,False,False,False
63,/home/pi/sambashare/BacArbeit/randomized_iamges/63.jpg,0.029289070000004358,False,False,False,False,False,False,False,False,False,False,False,False,False,False,False
64,/home/pi/sambashare/BacArbeit/randomized_iamges/64.jpg,0.029270181999891065,False,False,False,False,False,False,False,False,False,False,False,False,False,False,False
65,/home/pi/sambashare/BacArbeit/randomized_iamges/65.jpg,0.029519938000021284,False,False,False,False,False,False,False,False,False,False,False,False,False,False,False
66,/home/pi/sambashare/BacArbeit/randomized_iamges/66.jpg,0.029293458999973154,False,False,False,False,False,False,False,False,False,False,False,False,False,False,False
67,/home/pi/sambashare/BacArbeit/randomized_iamges/67.jpg,0.02931255099997543,False,False,False,False,False,False,False,False,False,False,False,False,False,False,False
68,/home/pi/sambashare/BacArbeit/randomized_iamges/68.jpg,0.029427495000163617,False,False,False,False,False,False,False,False,False,False,False,False,False,False,False
69,/home/pi/sambashare/BacArbeit/randomized_iamges/69.jpg,0.02934029199991528,False,False,False,False,False,False,False,False,False,False,False,False,False,False,False
70,/home/pi/sambashare/BacArbeit/randomized_iamges/70.jpg,0.029338587999973242,False,False,False,False,False,False,False,False,False,False,False,False,False,False,False
71,/home/pi/sambashare/BacArbeit/randomized_iamges/71.jpg,0.0292354409998552,False,False,False,False,False,False,False,False,False,False,False,False,False,False,False
72,/home/pi/sambashare/BacArbeit/randomized_iamges/72.jpg,0.02930795800011765,False,False,False,False,False,False,False,False,False,False,False,False,False,False,False
73,/home/pi/sambashare/BacArbeit/randomized_iamges/73.jpg,0.02957256700005928,False,False,False,False,False,False,False,False,False,False,False,False,False,False,False
74,/home/pi/sambashare/BacArbeit/randomized_iamges/74.jpg,0.02922266300015508,False,False,False,False,False,False,False,False,False,False,False,False,False,False,False
75,/home/pi/sambashare/BacArbeit/randomized_iamges/75.jpg,0.029482900999937556,False,False,False,False,False,False,False,False,False,False,False,False,False,False,False
76,/home/pi/sambashare/BacArbeit/randomized_iamges/76.jpg,0.029423569000073257,False,False,False,False,False,False,False,False,False,False,False,False,False,False,False
77,/home/pi/sambashare/BacArbeit/randomized_iamges/77.jpg,0.02937184700022044,False,False,False,False,False,False,False,False,False,False,False,False,False,False,False
78,/home/pi/sambashare/BacArbeit/randomized_iamges/78.jpg,0.029341291000037018,False,False,False,False,False,False,False,False,False,False,False,False,False,False,False
79,/home/pi/sambashare/BacArbeit/randomized_iamges/79.jpg,0.02931136699999115,False,False,False,False,False,False,False,False,False,False,False,False,False,False,False
80,/home/pi/sambashare/BacArbeit/randomized_iamges/80.jpg,0.029402698000012606,False,False,False,False,False,False,False,False,False,False,False,False,False,False,False
81,/home/pi/sambashare/BacArbeit/randomized_iamges/81.jpg,0.029258274000085294,False,False,False,False,False,False,False,False,False,False,False,False,False,False,False
82,/home/pi/sambashare/BacArbeit/randomized_iamges/82.jpg,0.029264107000017248,False,False,False,False,False,False,False,False,False,False,False,False,False,False,False
83,/home/pi/sambashare/BacArbeit/randomized_iamges/83.jpg,0.02944212400007018,False,False,False,False,False,False,False,False,False,False,False,False,False,False,False
84,/home/pi/sambashare/BacArbeit/randomized_iamges/84.jpg,0.029382068999893818,False,False,False,False,False,False,False,False,False,False,False,False,False,False,False
85,/home/pi/sambashare/BacArbeit/randomized_iamges/85.jpg,0.029345181000053344,False,False,False,False,False,False,False,False,False,False,False,False,False,False,False
86,/home/pi/sambashare/BacArbeit/randomized_iamges/86.jpg,0.029394698999794855,False,False,False,False,False,False,False,False,False,False,False,False,False,False,False
87,/home/pi/sambashare/BacArbeit/randomized_iamges/87.jpg,0.029377105999856212,False,False,False,False,False,False,False,False,False,False,False,False,False,False,False
88,/home/pi/sambashare/BacArbeit/randomized_iamges/88.jpg,0.029362551000076564,False,False,False,False,False,False,False,False,False,False,False,False,False,False,False
89,/home/pi/sambashare/BacArbeit/randomized_iamges/89.jpg,0.029918840000163982,False,False,False,False,False,False,False,False,False,False,False,False,False,False,False
90,/home/pi/sambashare/BacArbeit/randomized_iamges/90.jpg,0.029402995000054943,False,False,False,False,False,False,False,False,False,False,False,False,False,False,False
91,/home/pi/sambashare/BacArbeit/randomized_iamges/91.jpg,0.029432513000074323,False,False,False,False,False,False,False,False,False,False,False,False,False,False,False
92,/home/pi/sambashare/BacArbeit/randomized_iamges/92.jpg,0.029378346999919813,False,False,False,False,False,False,False,False,False,False,False,False,False,False,False
93,/home/pi/sambashare/BacArbeit/randomized_iamges/93.jpg,0.02947651199997381,False,False,False,False,False,False,False,False,False,False,False,False,False,False,False
94,/home/pi/sambashare/BacArbeit/randomized_iamges/94.jpg,0.029199273999893194,False,False,False,False,False,False,False,False,False,False,False,False,False,False,False
95,/home/pi/sambashare/BacArbeit/randomized_iamges/95.jpg,0.029544863999944937,False,False,False,False,False,False,False,False,False,False,False,False,False,False,False
96,/home/pi/sambashare/BacArbeit/randomized_iamges/96.jpg,0.029359181000017998,False,False,False,False,False,False,False,False,False,False,False,False,False,False,False
97,/home/pi/sambashare/BacArbeit/randomized_iamges/97.jpg,0.029291033000163225,False,False,False,False,False,False,False,False,False,False,False,False,False,False,False
98,/home/pi/sambashare/BacArbeit/randomized_iamges/98.jpg,0.029375995000009425,False,False,False,False,False,False,False,False,False,False,False,False,False,False,False
99,/home/pi/sambashare/BacArbeit/randomized_iamges/99.jpg,0.029389327999979287,False,False,False,False,False,False,False,False,False,False,False,False,False,False,False
100,/home/pi/sambashare/BacArbeit/randomized_iamges/100.jpg,0.029426772000078927,False,False,False,False,False,False,False,False,False,False,False,False,False,False,False
101,/home/pi/sambashare/BacArbeit/randomized_iamges/101.jpg,0.029518696999957683,False,False,False,False,False,False,False,False,False,False,False,False,False,False,False
102,/home/pi/sambashare/BacArbeit/randomized_iamges/102.jpg,0.029508716000009372,False,False,False,False,False,False,False,False,False,False,False,False,False,False,False
103,/home/pi/sambashare/BacArbeit/randomized_iamges/103.jpg,0.02942116100007297,False,False,False,False,False,False,False,False,False,False,False,False,False,False,False
104,/home/pi/sambashare/BacArbeit/randomized_iamges/104.jpg,0.02928781099990374,False,False,False,False,False,False,False,False,False,False,False,False,False,False,False
105,/home/pi/sambashare/BacArbeit/randomized_iamges/105.jpg,0.0294438099999752,False,False,False,False,False,False,False,False,False,False,False,False,False,False,False
106,/home/pi/sambashare/BacArbeit/randomized_iamges/106.jpg,0.029551993000040966,False,False,False,False,False,False,False,False,False,False,False,False,False,False,False
107,/home/pi/sambashare/BacArbeit/randomized_iamges/107.jpg,0.029393438999932187,False,False,False,False,False,False,False,False,False,False,False,False,False,False,False
108,/home/pi/sambashare/BacArbeit/randomized_iamges/108.jpg,0.029596474000072703,False,False,False,False,False,False,False,False,False,False,False,False,False,False,False
109,/home/pi/sambashare/BacArbeit/randomized_iamges/109.jpg,0.02933212499988258,False,False,False,False,False,False,False,False,False,False,False,False,False,False,False
110,/home/pi/sambashare/BacArbeit/randomized_iamges/110.jpg,0.029417383000009067,False,False,False,False,False,False,False,False,False,False,False,False,False,False,False
111,/home/pi/sambashare/BacArbeit/randomized_iamges/111.jpg,0.02935195800000656,False,False,False,False,False,False,False,False,False,False,False,False,False,False,False
112,/home/pi/sambashare/BacArbeit/randomized_iamges/112.jpg,0.029589252000050692,False,False,False,False,False,False,False,False,False,False,False,False,False,False,False
113,/home/pi/sambashare/BacArbeit/randomized_iamges/113.jpg,0.029443698000022778,False,False,False,False,False,False,False,False,False,False,False,False,False,False,False
114,/home/pi/sambashare/BacArbeit/randomized_iamges/114.jpg,0.029341273,False,False,False,False,False,False,False,False,False,False,False,False,False,False,False
115,/home/pi/sambashare/BacArbeit/randomized_iamges/115.jpg,0.02944043899992721,False,False,False,False,False,False,False,False,False,False,False,False,False,False,False
116,/home/pi/sambashare/BacArbeit/randomized_iamges/116.jpg,0.029824415999883058,False,False,False,False,False,False,False,False,False,False,False,False,False,False,False
117,/home/pi/sambashare/BacArbeit/randomized_iamges/117.jpg,0.029530436999948506,False,False,False,False,False,False,False,False,False,False,False,False,False,False,False
118,/home/pi/sambashare/BacArbeit/randomized_iamges/118.jpg,0.029530511999837472,False,False,False,False,False,False,False,False,False,False,False,False,False,False,False
119,/home/pi/sambashare/BacArbeit/randomized_iamges/119.jpg,0.029335328999877675,False,False,False,False,False,False,False,False,False,False,False,False,False,False,False
120,/home/pi/sambashare/BacArbeit/randomized_iamges/120.jpg,0.02938117999997303,False,False,False,False,False,False,False,False,False,False,False,False,False,False,False
121,/home/pi/sambashare/BacArbeit/randomized_iamges/121.jpg,0.029402808999975605,False,False,False,False,False,False,False,False,False,False,False,False,False,False,False
122,/home/pi/sambashare/BacArbeit/randomized_iamges/122.jpg,0.029399068999964584,False,False,False,False,False,False,False,False,False,False,False,False,False,False,False
123,/home/pi/sambashare/BacArbeit/randomized_iamges/123.jpg,0.02943656899992675,False,False,False,False,False,False,False,False,False,False,False,False,False,False,False
124,/home/pi/sambashare/BacArbeit/randomized_iamges/124.jpg,0.029327477000151703,False,False,False,False,False,False,False,False,False,False,False,False,False,False,False
125,/home/pi/sambashare/BacArbeit/randomized_iamges/125.jpg,0.02944380900021315,False,False,False,False,False,False,False,False,False,False,False,False,False,False,False
126,/home/pi/sambashare/BacArbeit/randomized_iamges/126.jpg,0.029509233999988282,False,False,False,False,False,False,False,False,False,False,False,False,False,False,False
127,/home/pi/sambashare/BacArbeit/randomized_iamges/127.jpg,0.029419458000120358,False,False,False,False,False,False,False,False,False,False,False,False,False,False,False
128,/home/pi/sambashare/BacArbeit/randomized_iamges/128.jpg,0.02937682800006769,False,False,False,False,False,False,False,False,False,False,False,False,False,False,False
129,/home/pi/sambashare/BacArbeit/randomized_iamges/129.jpg,0.029897934000018722,False,False,False,False,False,False,False,False,False,False,False,False,False,False,False
130,/home/pi/sambashare/BacArbeit/randomized_iamges/130.jpg,0.029413216999955694,False,False,False,False,False,False,False,False,False,False,False,False,False,False,False
131,/home/pi/sambashare/BacArbeit/randomized_iamges/131.jpg,0.029301995000196257,False,False,False,False,False,False,False,False,False,False,False,False,False,False,False
132,/home/pi/sambashare/BacArbeit/randomized_iamges/132.jpg,0.029322069000045303,False,False,False,False,False,False,False,False,False,False,False,False,False,False,False
133,/home/pi/sambashare/BacArbeit/randomized_iamges/133.jpg,0.029385087000036947,False,False,False,False,False,False,False,False,False,False,False,False,False,False,False
134,/home/pi/sambashare/BacArbeit/randomized_iamges/134.jpg,0.02927308800008177,False,False,False,False,False,False,False,False,False,False,False,False,False,False,False
135,/home/pi/sambashare/BacArbeit/randomized_iamges/135.jpg,0.029468475999919974,False,False,False,False,False,False,False,False,False,False,False,False,False,False,False
136,/home/pi/sambashare/BacArbeit/randomized_iamges/136.jpg,0.029348403000085455,False,False,False,False,False,False,False,False,False,False,False,False,False,False,False
137,/home/pi/sambashare/BacArbeit/randomized_iamges/137.jpg,0.029324958000188417,False,False,False,False,False,False,False,False,False,False,False,False,False,False,False
138,/home/pi/sambashare/BacArbeit/randomized_iamges/138.jpg,0.029316606999827854,False,False,False,False,False,False,False,False,False,False,False,False,False,False,False
139,/home/pi/sambashare/BacArbeit/randomized_iamges/139.jpg,0.02996478499994737,False,False,False,False,False,False,False,False,False,False,False,False,False,False,False
140,/home/pi/sambashare/BacArbeit/randomized_iamges/140.jpg,0.02941562499995598,False,False,False,False,False,False,False,False,False,False,False,False,False,False,False
141,/home/pi/sambashare/BacArbeit/randomized_iamges/141.jpg,0.029324828999961028,False,False,False,False,False,False,False,False,False,False,False,False,False,False,False
142,/home/pi/sambashare/BacArbeit/randomized_iamges/142.jpg,0.029475030999947194,False,False,False,False,False,False,False,False,False,False,False,False,False,False,False
143,/home/pi/sambashare/BacArbeit/randomized_iamges/143.jpg,0.029507549000072686,False,False,False,False,False,False,False,False,False,False,False,False,False,False,False
144,/home/pi/sambashare/BacArbeit/randomized_iamges/144.jpg,0.0291451269999925,False,False,False,False,False,False,False,False,False,False,False,False,False,False,False
145,/home/pi/sambashare/BacArbeit/randomized_iamges/145.jpg,0.029849044999991747,False,False,False,False,False,False,False,False,False,False,False,False,False,False,False
146,/home/pi/sambashare/BacArbeit/randomized_iamges/146.jpg,0.029398476999858758,False,False,False,False,False,False,False,False,False,False,False,False,False,False,False
147,/home/pi/sambashare/BacArbeit/randomized_iamges/147.jpg,0.029471697999952085,False,False,False,False,False,False,False,False,False,False,False,False,False,False,False
148,/home/pi/sambashare/BacArbeit/randomized_iamges/148.jpg,0.02951499400001012,False,False,False,False,False,False,False,False,False,False,False,False,False,False,False
149,/home/pi/sambashare/BacArbeit/randomized_iamges/149.jpg,0.02932249600007708,False,False,False,False,False,False,False,False,False,False,False,False,False,False,False
150,/home/pi/sambashare/BacArbeit/randomized_iamges/150.jpg,0.029375921000109884,False,False,False,False,False,False,False,False,False,False,False,False,False,False,False
151,/home/pi/sambashare/BacArbeit/randomized_iamges/151.jpg,0.02937497700008862,False,False,False,False,False,False,False,False,False,False,False,False,False,False,False
152,/home/pi/sambashare/BacArbeit/randomized_iamges/152.jpg,0.029287588999977743,False,False,False,False,False,False,False,False,False,False,False,False,False,False,False
153,/home/pi/sambashare/BacArbeit/randomized_iamges/153.jpg,0.02949138300004961,False,False,False,False,False,False,False,False,False,False,False,False,False,False,False
154,/home/pi/sambashare/BacArbeit/randomized_iamges/154.jpg,0.02961045600000034,False,False,False,False,False,False,False,False,False,False,False,False,False,False,False
155,/home/pi/sambashare/BacArbeit/randomized_iamges/155.jpg,0.02941849499984528,False,False,False,False,False,False,False,False,False,False,False,False,False,False,False
156,/home/pi/sambashare/BacArbeit/randomized_iamges/156.jpg,0.029283828999950856,False,False,False,False,False,False,False,False,False,False,False,False,False,False,False
157,/home/pi/sambashare/BacArbeit/randomized_iamges/157.jpg,0.029418290999956298,False,False,False,False,False,False,False,False,False,False,False,False,False,False,False
158,/home/pi/sambashare/BacArbeit/randomized_iamges/158.jpg,0.029791416000080062,False,False,False,False,False,False,False,False,False,False,False,False,False,False,False
159,/home/pi/sambashare/BacArbeit/randomized_iamges/159.jpg,0.029476789999989705,False,False,False,False,False,False,False,False,False,False,False,False,False,False,False
160,/home/pi/sambashare/BacArbeit/randomized_iamges/160.jpg,0.029399958000112747,False,False,False,False,False,False,False,False,False,False,False,False,False,False,False
161,/home/pi/sambashare/BacArbeit/randomized_iamges/161.jpg,0.029393625000011525,False,False,False,False,False,False,False,False,False,False,False,False,False,False,False
162,/home/pi/sambashare/BacArbeit/randomized_iamges/162.jpg,0.02934616199991069,False,False,False,False,False,False,False,False,False,False,False,False,False,False,False
163,/home/pi/sambashare/BacArbeit/randomized_iamges/163.jpg,0.029454661000045235,False,False,False,False,False,False,False,False,False,False,False,False,False,False,False
164,/home/pi/sambashare/BacArbeit/randomized_iamges/164.jpg,0.02900112900010754,False,False,False,False,False,False,False,False,False,False,False,False,False,False,False
165,/home/pi/sambashare/BacArbeit/randomized_iamges/165.jpg,0.029608344000052966,False,False,False,False,False,False,False,False,False,False,False,False,False,False,False
166,/home/pi/sambashare/BacArbeit/randomized_iamges/166.jpg,0.029882637999889994,False,False,False,False,False,False,False,False,False,False,False,False,False,False,False
167,/home/pi/sambashare/BacArbeit/randomized_iamges/167.jpg,0.029294402999994418,False,False,False,False,False,False,False,False,False,False,False,False,False,False,False
168,/home/pi/sambashare/BacArbeit/randomized_iamges/168.jpg,0.029494698000007702,False,False,False,False,False,False,False,False,False,False,False,False,False,False,False
169,/home/pi/sambashare/BacArbeit/randomized_iamges/169.jpg,0.029394123999963995,False,False,False,False,False,False,False,False,False,False,False,False,False,False,False
170,/home/pi/sambashare/BacArbeit/randomized_iamges/170.jpg,0.029276051999886477,False,False,False,False,False,False,False,False,False,False,False,False,False,False,False
171,/home/pi/sambashare/BacArbeit/randomized_iamges/171.jpg,0.029352921000054266,False,False,False,False,False,False,False,False,False,False,False,False,False,False,False
172,/home/pi/sambashare/BacArbeit/randomized_iamges/172.jpg,0.02930786599995372,False,False,False,False,False,False,False,False,False,False,False,False,False,False,False
173,/home/pi/sambashare/BacArbeit/randomized_iamges/173.jpg,0.029442624000012074,False,False,False,False,False,False,False,False,False,False,False,False,False,False,False
174,/home/pi/sambashare/BacArbeit/randomized_iamges/174.jpg,0.02937597699997241,False,False,False,False,False,False,False,False,False,False,False,False,False,False,False
175,/home/pi/sambashare/BacArbeit/randomized_iamges/175.jpg,0.029448476000197843,False,False,False,False,False,False,False,False,False,False,False,False,False,False,False
176,/home/pi/sambashare/BacArbeit/randomized_iamges/176.jpg,0.029402901999901587,False,False,False,False,False,False,False,False,False,False,False,False,False,False,False
177,/home/pi/sambashare/BacArbeit/randomized_iamges/177.jpg,0.029337311000062982,False,False,False,False,False,False,False,False,False,False,False,False,False,False,False
178,/home/pi/sambashare/BacArbeit/randomized_iamges/178.jpg,0.02936590299987074,False,False,False,False,False,False,False,False,False,False,False,False,False,False,False
179,/home/pi/sambashare/BacArbeit/randomized_iamges/179.jpg,0.02933495899992522,False,False,False,False,False,False,False,False,False,False,False,False,False,False,False
180,/home/pi/sambashare/BacArbeit/randomized_iamges/180.jpg,0.029331642999977703,False,False,False,False,False,False,False,False,False,False,False,False,False,False,False
181,/home/pi/sambashare/BacArbeit/randomized_iamges/181.jpg,0.029795231999969474,False,False,False,False,False,False,False,False,False,False,False,False,False,False,False
182,/home/pi/sambashare/BacArbeit/randomized_iamges/182.jpg,0.029261608000069828,False,False,False,False,False,False,False,False,False,False,False,False,False,False,False
183,/home/pi/sambashare/BacArbeit/randomized_iamges/183.jpg,0.029514715999994223,False,False,False,False,False,False,False,False,False,False,False,False,False,False,False
184,/home/pi/sambashare/BacArbeit/randomized_iamges/184.jpg,0.029389013999889357,False,False,False,False,False,False,False,False,False,False,False,False,False,False,False
185,/home/pi/sambashare/BacArbeit/randomized_iamges/185.jpg,0.029546493999987433,False,False,False,False,False,False,False,False,False,False,False,False,False,False,False
186,/home/pi/sambashare/BacArbeit/randomized_iamges/186.jpg,0.029445549999991272,False,False,False,False,False,False,False,False,False,False,False,False,False,False,False
187,/home/pi/sambashare/BacArbeit/randomized_iamges/187.jpg,0.029439828000022317,False,False,False,False,False,False,False,False,False,False,False,False,False,False,False
188,/home/pi/sambashare/BacArbeit/randomized_iamges/188.jpg,0.029403142999854026,False,False,False,False,False,False,False,False,False,False,False,False,False,False,False
189,/home/pi/sambashare/BacArbeit/randomized_iamges/189.jpg,0.02929595899991,False,False,False,False,False,False,False,False,False,False,False,False,False,False,False
190,/home/pi/sambashare/BacArbeit/randomized_iamges/190.jpg,0.029434216000026936,False,False,False,False,False,False,False,False,False,False,False,False,False,False,False
191,/home/pi/sambashare/BacArbeit/randomized_iamges/191.jpg,0.029265440000017406,False,False,False,False,False,False,False,False,False,False,False,False,False,False,False
192,/home/pi/sambashare/BacArbeit/randomized_iamges/192.jpg,0.029479624000032345,False,False,False,False,False,False,False,False,False,False,False,False,False,False,False
193,/home/pi/sambashare/BacArbeit/randomized_iamges/193.jpg,0.029433716999847093,False,False,False,False,False,False,False,False,False,False,False,False,False,False,False
194,/home/pi/sambashare/BacArbeit/randomized_iamges/194.jpg,0.029301680999878954,False,False,False,False,False,False,False,False,False,False,False,False,False,False,False
195,/home/pi/sambashare/BacArbeit/randomized_iamges/195.jpg,0.02940710599978047,False,False,False,False,False,False,False,False,False,False,False,False,False,False,False
196,/home/pi/sambashare/BacArbeit/randomized_iamges/196.jpg,0.029278348000161714,False,False,False,False,False,False,False,False,False,False,False,False,False,False,False
197,/home/pi/sambashare/BacArbeit/randomized_iamges/197.jpg,0.029233626000177537,False,False,False,False,False,False,False,False,False,False,False,False,False,False,False
198,/home/pi/sambashare/BacArbeit/randomized_iamges/198.jpg,0.02954984500001956,False,False,False,False,False,False,False,False,False,False,False,False,False,False,False
199,/home/pi/sambashare/BacArbeit/randomized_iamges/199.jpg,0.029315866000160895,False,False,False,False,False,False,False,False,False,False,False,False,False,False,False
200,/home/pi/sambashare/BacArbeit/randomized_iamges/200.jpg,0.02933293999990383,False,False,False,False,False,False,False,False,False,False,False,False,False,False,False
201,/home/pi/sambashare/BacArbeit/randomized_iamges/201.jpg,0.029458604999945237,False,False,False,False,False,False,False,False,False,False,False,False,False,False,False
202,/home/pi/sambashare/BacArbeit/randomized_iamges/202.jpg,0.029348977000154264,False,False,False,False,False,False,False,False,False,False,False,False,False,False,False
203,/home/pi/sambashare/BacArbeit/randomized_iamges/203.jpg,0.029425086999935957,False,False,False,False,False,False,False,False,False,False,False,False,False,False,False
204,/home/pi/sambashare/BacArbeit/randomized_iamges/204.jpg,0.029248736999988978,False,False,False,False,False,False,False,False,False,False,False,False,False,False,False
205,/home/pi/sambashare/BacArbeit/randomized_iamges/205.jpg,0.029357383999922604,False,False,False,False,False,False,False,False,False,False,False,False,False,False,False
206,/home/pi/sambashare/BacArbeit/randomized_iamges/206.jpg,0.029368050999892148,False,False,False,False,False,False,False,False,False,False,False,False,False,False,False
207,/home/pi/sambashare/BacArbeit/randomized_iamges/207.jpg,0.029397272999858615,False,False,False,False,False,False,False,False,False,False,False,False,False,False,False
208,/home/pi/sambashare/BacArbeit/randomized_iamges/208.jpg,0.029492734999848835,False,False,False,False,False,False,False,False,False,False,False,False,False,False,False
209,/home/pi/sambashare/BacArbeit/randomized_iamges/209.jpg,0.029423845999872356,False,False,False,False,False,False,False,False,False,False,False,False,False,False,False
210,/home/pi/sambashare/BacArbeit/randomized_iamges/210.jpg,0.029430606000005355,False,False,False,False,False,False,False,False,False,False,False,False,False,False,False
211,/home/pi/sambashare/BacArbeit/randomized_iamges/211.jpg,0.029409845999907702,False,False,False,False,False,False,False,False,False,False,False,False,False,False,False
212,/home/pi/sambashare/BacArbeit/randomized_iamges/212.jpg,0.029403605999959836,False,False,False,False,False,False,False,False,False,False,False,False,False,False,False
213,/home/pi/sambashare/BacArbeit/randomized_iamges/213.jpg,0.029378162000057273,False,False,False,False,False,False,False,False,False,False,False,False,False,False,False
214,/home/pi/sambashare/BacArbeit/randomized_iamges/214.jpg,0.029424883000046975,False,False,False,False,False,False,False,False,False,False,False,False,False,False,False
215,/home/pi/sambashare/BacArbeit/randomized_iamges/215.jpg,0.02941727299980812,False,False,False,False,False,False,False,False,False,False,False,False,False,False,False
216,/home/pi/sambashare/BacArbeit/randomized_iamges/216.jpg,0.02943232799998441,False,False,False,False,False,False,False,False,False,False,False,False,False,False,False
217,/home/pi/sambashare/BacArbeit/randomized_iamges/217.jpg,0.029392569000037838,False,False,False,False,False,False,False,False,False,False,False,False,False,False,False
218,/home/pi/sambashare/BacArbeit/randomized_iamges/218.jpg,0.029490363999912006,False,False,False,False,False,False,False,False,False,False,False,False,False,False,False
219,/home/pi/sambashare/BacArbeit/randomized_iamges/219.jpg,0.029356272999848443,False,False,False,False,False,False,False,False,False,False,False,False,False,False,False
220,/home/pi/sambashare/BacArbeit/randomized_iamges/220.jpg,0.029790343000058783,False,False,False,False,False,False,False,False,False,False,False,False,False,False,False
221,/home/pi/sambashare/BacArbeit/randomized_iamges/221.jpg,0.029369884000061575,False,False,False,False,False,False,False,False,False,False,False,False,False,False,False
222,/home/pi/sambashare/BacArbeit/randomized_iamges/222.jpg,0.02941212399991855,False,False,False,False,False,False,False,False,False,False,False,False,False,False,False
223,/home/pi/sambashare/BacArbeit/randomized_iamges/223.jpg,0.029531864000091446,False,False,False,False,False,False,False,False,False,False,False,False,False,False,False
224,/home/pi/sambashare/BacArbeit/randomized_iamges/224.jpg,0.029230422999944494,False,False,False,False,False,False,False,False,False,False,False,False,False,False,False
225,/home/pi/sambashare/BacArbeit/randomized_iamges/225.jpg,0.02946406800015211,False,False,False,False,False,False,False,False,False,False,False,False,False,False,False
226,/home/pi/sambashare/BacArbeit/randomized_iamges/226.jpg,0.02942732800011072,False,False,False,False,False,False,False,False,False,False,False,False,False,False,False
227,/home/pi/sambashare/BacArbeit/randomized_iamges/227.jpg,0.029335995999872466,False,False,False,False,False,False,False,False,False,False,False,False,False,False,False
228,/home/pi/sambashare/BacArbeit/randomized_iamges/228.jpg,0.029594770999892717,False,False,False,False,False,False,False,False,False,False,False,False,False,False,False
229,/home/pi/sambashare/BacArbeit/randomized_iamges/229.jpg,0.0294852350000383,False,False,False,False,False,False,False,False,False,False,False,False,False,False,False
230,/home/pi/sambashare/BacArbeit/randomized_iamges/230.jpg,0.029566733999899952,False,False,False,False,False,False,False,False,False,False,False,False,False,False,False
231,/home/pi/sambashare/BacArbeit/randomized_iamges/231.jpg,0.02964121500008332,False,False,False,False,False,False,False,False,False,False,False,False,False,False,False
232,/home/pi/sambashare/BacArbeit/randomized_iamges/232.jpg,0.029360551000081614,False,False,False,False,False,False,False,False,False,False,False,False,False,False,False
233,/home/pi/sambashare/BacArbeit/randomized_iamges/233.jpg,0.029431641999963176,False,False,False,False,False,False,False,False,False,False,False,False,False,False,False
234,/home/pi/sambashare/BacArbeit/randomized_iamges/234.jpg,0.029330494999840084,False,False,False,False,False,False,False,False,False,False,False,False,False,False,False
235,/home/pi/sambashare/BacArbeit/randomized_iamges/235.jpg,0.02972675099999833,False,False,False,False,False,False,False,False,False,False,False,False,False,False,False
236,/home/pi/sambashare/BacArbeit/randomized_iamges/236.jpg,0.02934629199990013,False,False,False,False,False,False,False,False,False,False,False,False,False,False,False
237,/home/pi/sambashare/BacArbeit/randomized_iamges/237.jpg,0.029452290999870456,False,False,False,False,False,False,False,False,False,False,False,False,False,False,False
238,/home/pi/sambashare/BacArbeit/randomized_iamges/238.jpg,0.030081376999987697,False,False,False,False,False,False,False,False,False,False,False,False,False,False,False
239,/home/pi/sambashare/BacArbeit/randomized_iamges/239.jpg,0.029335014000025694,False,False,False,False,False,False,False,False,False,False,False,False,False,False,False
240,/home/pi/sambashare/BacArbeit/randomized_iamges/240.jpg,0.029520568000179992,False,False,False,False,False,False,False,False,False,False,False,False,False,False,False
241,/home/pi/sambashare/BacArbeit/randomized_iamges/241.jpg,0.029538123000065752,False,False,False,False,False,False,False,False,False,False,False,False,False,False,False
242,/home/pi/sambashare/BacArbeit/randomized_iamges/242.jpg,0.029539789999944333,False,False,False,False,False,False,False,False,False,False,False,False,False,False,False
243,/home/pi/sambashare/BacArbeit/randomized_iamges/243.jpg,0.029499308999902496,False,False,False,False,False,False,False,False,False,False,False,False,False,False,False
244,/home/pi/sambashare/BacArbeit/randomized_iamges/244.jpg,0.02935206899996956,False,False,False,False,False,False,False,False,False,False,False,False,False,False,False
245,/home/pi/sambashare/BacArbeit/randomized_iamges/245.jpg,0.02944642100010242,False,False,False,False,False,False,False,False,False,False,False,False,False,False,False
246,/home/pi/sambashare/BacArbeit/randomized_iamges/246.jpg,0.0292944959999204,False,False,False,False,False,False,False,False,False,False,False,False,False,False,False
247,/home/pi/sambashare/BacArbeit/randomized_iamges/247.jpg,0.02940221699986978,False,False,False,False,False,False,False,False,False,False,False,False,False,False,False
248,/home/pi/sambashare/BacArbeit/randomized_iamges/248.jpg,0.029554049000125815,False,False,False,False,False,False,False,False,False,False,False,False,False,False,False
249,/home/pi/sambashare/BacArbeit/randomized_iamges/249.jpg,0.029333569000073112,False,False,False,False,False,False,False,False,False,False,False,False,False,False,False
250,/home/pi/sambashare/BacArbeit/randomized_iamges/250.jpg,0.029439050000064526,False,False,False,False,False,False,False,False,False,False,False,False,False,False,False
251,/home/pi/sambashare/BacArbeit/randomized_iamges/251.jpg,0.029354865999948743,False,False,False,False,False,False,False,False,False,False,False,False,False,False,False
252,/home/pi/sambashare/BacArbeit/randomized_iamges/252.jpg,0.029303569999910906,False,False,False,False,False,False,False,False,False,False,False,False,False,False,False
253,/home/pi/sambashare/BacArbeit/randomized_iamges/253.jpg,0.029426606000015454,False,False,False,False,False,False,False,False,False,False,False,False,False,False,False
254,/home/pi/sambashare/BacArbeit/randomized_iamges/254.jpg,0.029110350000109975,False,False,False,False,False,False,False,False,False,False,False,False,False,False,False
255,/home/pi/sambashare/BacArbeit/randomized_iamges/255.jpg,0.029368792000013855,False,False,False,False,False,False,False,False,False,False,False,False,False,False,False
256,/home/pi/sambashare/BacArbeit/randomized_iamges/256.jpg,0.02942480899992006,False,False,False,False,False,False,False,False,False,False,False,False,False,False,False
257,/home/pi/sambashare/BacArbeit/randomized_iamges/257.jpg,0.029420995000009498,False,False,False,False,False,False,False,False,False,False,False,False,False,False,False
258,/home/pi/sambashare/BacArbeit/randomized_iamges/258.jpg,0.029609011000047758,False,False,False,False,False,False,False,False,False,False,False,False,False,False,False
259,/home/pi/sambashare/BacArbeit/randomized_iamges/259.jpg,0.02938784699995267,False,False,False,False,False,False,False,False,False,False,False,False,False,False,False
260,/home/pi/sambashare/BacArbeit/randomized_iamges/260.jpg,0.029399643000033393,False,False,False,False,False,False,False,False,False,False,False,False,False,False,False
261,/home/pi/sambashare/BacArbeit/randomized_iamges/261.jpg,0.029376921999983097,False,False,False,False,False,False,False,False,False,False,False,False,False,False,False
262,/home/pi/sambashare/BacArbeit/randomized_iamges/262.jpg,0.0294059020000077,False,False,False,False,False,False,False,False,False,False,False,False,False,False,False
263,/home/pi/sambashare/BacArbeit/randomized_iamges/263.jpg,0.029440236000027653,False,False,False,False,False,False,False,False,False,False,False,False,False,False,False
264,/home/pi/sambashare/BacArbeit/randomized_iamges/264.jpg,0.029351365999900736,False,False,False,False,False,False,False,False,False,False,False,False,False,False,False
265,/home/pi/sambashare/BacArbeit/randomized_iamges/265.jpg,0.029347328999847377,False,False,False,False,False,False,False,False,False,False,False,False,False,False,False
266,/home/pi/sambashare/BacArbeit/randomized_iamges/266.jpg,0.029366699000092922,False,False,False,False,False,False,False,False,False,False,False,False,False,False,False
267,/home/pi/sambashare/BacArbeit/randomized_iamges/267.jpg,0.029400142999975287,False,False,False,False,False,False,False,False,False,False,False,False,False,False,False
268,/home/pi/sambashare/BacArbeit/randomized_iamges/268.jpg,0.029526623000037944,False,False,False,False,False,False,False,False,False,False,False,False,False,False,False
269,/home/pi/sambashare/BacArbeit/randomized_iamges/269.jpg,0.02937542100016799,False,False,False,False,False,False,False,False,False,False,False,False,False,False,False
270,/home/pi/sambashare/BacArbeit/randomized_iamges/270.jpg,0.029434476000005816,False,False,False,False,False,False,False,False,False,False,False,False,False,False,False
271,/home/pi/sambashare/BacArbeit/randomized_iamges/271.jpg,0.029499013000076957,False,False,False,False,False,False,False,False,False,False,False,False,False,False,False
272,/home/pi/sambashare/BacArbeit/randomized_iamges/272.jpg,0.029353569000022617,False,False,False,False,False,False,False,False,False,False,False,False,False,False,False
273,/home/pi/sambashare/BacArbeit/randomized_iamges/273.jpg,0.02958086400008142,False,False,False,False,False,False,False,False,False,False,False,False,False,False,False
274,/home/pi/sambashare/BacArbeit/randomized_iamges/274.jpg,0.029391068999984782,False,False,False,False,False,False,False,False,False,False,False,False,False,False,False
275,/home/pi/sambashare/BacArbeit/randomized_iamges/275.jpg,0.02941149499997664,False,False,False,False,False,False,False,False,False,False,False,False,False,False,False
276,/home/pi/sambashare/BacArbeit/randomized_iamges/276.jpg,0.029310347999853548,False,False,False,False,False,False,False,False,False,False,False,False,False,False,False
277,/home/pi/sambashare/BacArbeit/randomized_iamges/277.jpg,0.029416921000120055,False,False,False,False,False,False,False,False,False,False,False,False,False,False,False
278,/home/pi/sambashare/BacArbeit/randomized_iamges/278.jpg,0.029405993999944258,False,False,False,False,False,False,False,False,False,False,False,False,False,False,False
279,/home/pi/sambashare/BacArbeit/randomized_iamges/279.jpg,0.029487233999816453,False,False,False,False,False,False,False,False,False,False,False,False,False,False,False
280,/home/pi/sambashare/BacArbeit/randomized_iamges/280.jpg,0.029472919999989244,False,False,False,False,False,False,False,False,False,False,False,False,False,False,False
281,/home/pi/sambashare/BacArbeit/randomized_iamges/281.jpg,0.02946955000015805,False,False,False,False,False,False,False,False,False,False,False,False,False,False,False
282,/home/pi/sambashare/BacArbeit/randomized_iamges/282.jpg,0.029443271999980425,False,False,False,False,False,False,False,False,False,False,False,False,False,False,False
283,/home/pi/sambashare/BacArbeit/randomized_iamges/283.jpg,0.029556975000105012,False,False,False,False,False,False,False,False,False,False,False,False,False,False,False
284,/home/pi/sambashare/BacArbeit/randomized_iamges/284.jpg,0.029393846999937523,False,False,False,False,False,False,False,False,False,False,False,False,False,False,False
285,/home/pi/sambashare/BacArbeit/randomized_iamges/285.jpg,0.029401624999991327,False,False,False,False,False,False,False,False,False,False,False,False,False,False,False
286,/home/pi/sambashare/BacArbeit/randomized_iamges/286.jpg,0.029518068000015774,False,False,False,False,False,False,False,False,False,False,False,False,False,False,False
287,/home/pi/sambashare/BacArbeit/randomized_iamges/287.jpg,0.029402050000044255,False,False,False,False,False,False,False,False,False,False,False,False,False,False,False
288,/home/pi/sambashare/BacArbeit/randomized_iamges/288.jpg,0.02942273500002557,False,False,False,False,False,False,False,False,False,False,False,False,False,False,False
289,/home/pi/sambashare/BacArbeit/randomized_iamges/289.jpg,0.029191497000056188,False,False,False,False,False,False,False,False,False,False,False,False,False,False,False
290,/home/pi/sambashare/BacArbeit/randomized_iamges/290.jpg,0.029926452000154313,False,False,False,False,False,False,False,False,False,False,False,False,False,False,False
291,/home/pi/sambashare/BacArbeit/randomized_iamges/291.jpg,0.029368976000114344,False,False,False,False,False,False,False,False,False,False,False,False,False,False,False
292,/home/pi/sambashare/BacArbeit/randomized_iamges/292.jpg,0.02938923600004273,False,False,False,False,False,False,False,False,False,False,False,False,False,False,False
293,/home/pi/sambashare/BacArbeit/randomized_iamges/293.jpg,0.02942756900006316,False,False,False,False,False,False,False,False,False,False,False,False,False,False,False
294,/home/pi/sambashare/BacArbeit/randomized_iamges/294.jpg,0.02949419699984901,False,False,False,False,False,False,False,False,False,False,False,False,False,False,False
295,/home/pi/sambashare/BacArbeit/randomized_iamges/295.jpg,0.02935558800004401,False,False,False,False,False,False,False,False,False,False,False,False,False,False,False
296,/home/pi/sambashare/BacArbeit/randomized_iamges/296.jpg,0.029240496999818788,False,False,False,False,False,False,False,False,False,False,False,False,False,False,False
297,/home/pi/sambashare/BacArbeit/randomized_iamges/297.jpg,0.02946610599997257,False,False,False,False,False,False,False,False,False,False,False,False,False,False,False
298,/home/pi/sambashare/BacArbeit/randomized_iamges/298.jpg,0.0295017899998129,False,False,False,False,False,False,False,False,False,False,False,False,False,False,False
299,/home/pi/sambashare/BacArbeit/randomized_iamges/299.jpg,0.029358587999922747,False,False,False,False,False,False,False,False,False,False,False,False,False,False,False
300,/home/pi/sambashare/BacArbeit/randomized_iamges/300.jpg,0.02942551299997831,False,False,False,False,False,False,False,False,False,False,False,False,False,False,False
301,/home/pi/sambashare/BacArbeit/randomized_iamges/301.jpg,0.02980326800002331,False,False,False,False,False,False,False,False,False,False,False,False,False,False,False
302,/home/pi/sambashare/BacArbeit/randomized_iamges/302.jpg,0.029364514000008057,False,False,False,False,False,False,False,False,False,False,False,False,False,False,False
303,/home/pi/sambashare/BacArbeit/randomized_iamges/303.jpg,0.029365792000135116,False,False,False,False,False,False,False,False,False,False,False,False,False,False,False
304,/home/pi/sambashare/BacArbeit/randomized_iamges/304.jpg,0.02922146000014436,False,False,False,False,False,False,False,False,False,False,False,False,False,False,False
305,/home/pi/sambashare/BacArbeit/randomized_iamges/305.jpg,0.02945193899995502,False,False,False,False,False,False,False,False,False,False,False,False,False,False,False
306,/home/pi/sambashare/BacArbeit/randomized_iamges/306.jpg,0.029393327999969188,False,False,False,False,False,False,False,False,False,False,False,False,False,False,False
307,/home/pi/sambashare/BacArbeit/randomized_iamges/307.jpg,0.029315126000028613,False,False,False,False,False,False,False,False,False,False,False,False,False,False,False
308,/home/pi/sambashare/BacArbeit/randomized_iamges/308.jpg,0.029322996000018975,False,False,False,False,False,False,False,False,False,False,False,False,False,False,False
309,/home/pi/sambashare/BacArbeit/randomized_iamges/309.jpg,0.029160831000126564,False,False,False,False,False,False,False,False,False,False,False,False,False,False,False
310,/home/pi/sambashare/BacArbeit/randomized_iamges/310.jpg,0.029410605999828476,False,False,False,False,False,False,False,False,False,False,False,False,False,False,False
311,/home/pi/sambashare/BacArbeit/randomized_iamges/311.jpg,0.0294019020000178,False,False,False,False,False,False,False,False,False,False,False,False,False,False,False
312,/home/pi/sambashare/BacArbeit/randomized_iamges/312.jpg,0.029403087999980926,False,False,False,False,False,False,False,False,False,False,False,False,False,False,False
313,/home/pi/sambashare/BacArbeit/randomized_iamges/313.jpg,0.0294799939999848,False,False,False,False,False,False,False,False,False,False,False,False,False,False,False
314,/home/pi/sambashare/BacArbeit/randomized_iamges/314.jpg,0.029222849000007045,False,False,False,False,False,False,False,False,False,False,False,False,False,False,False
315,/home/pi/sambashare/BacArbeit/randomized_iamges/315.jpg,0.029343718000063745,False,False,False,False,False,False,False,False,False,False,False,False,False,False,False
316,/home/pi/sambashare/BacArbeit/randomized_iamges/316.jpg,0.029303922000053717,False,False,False,False,False,False,False,False,False,False,False,False,False,False,False
317,/home/pi/sambashare/BacArbeit/randomized_iamges/317.jpg,0.029299662000084936,False,False,False,False,False,False,False,False,False,False,False,False,False,False,False
318,/home/pi/sambashare/BacArbeit/randomized_iamges/318.jpg,0.02935362499988514,False,False,False,False,False,False,False,False,False,False,False,False,False,False,False
319,/home/pi/sambashare/BacArbeit/randomized_iamges/319.jpg,0.029484716000069966,False,False,False,False,False,False,False,False,False,False,False,False,False,False,False
320,/home/pi/sambashare/BacArbeit/randomized_iamges/320.jpg,0.02947888299991064,False,False,False,False,False,False,False,False,False,False,False,False,False,False,False
321,/home/pi/sambashare/BacArbeit/randomized_iamges/321.jpg,0.029379550999919957,False,False,False,False,False,False,False,False,False,False,False,False,False,False,False
322,/home/pi/sambashare/BacArbeit/randomized_iamges/322.jpg,0.02938649499992607,False,False,False,False,False,False,False,False,False,False,False,False,False,False,False
323,/home/pi/sambashare/BacArbeit/randomized_iamges/323.jpg,0.02954458599992904,False,False,False,False,False,False,False,False,False,False,False,False,False,False,False
324,/home/pi/sambashare/BacArbeit/randomized_iamges/324.jpg,0.029277847999992446,False,False,False,False,False,False,False,False,False,False,False,False,False,False,False
325,/home/pi/sambashare/BacArbeit/randomized_iamges/325.jpg,0.02942153200001485,False,False,False,False,False,False,False,False,False,False,False,False,False,False,False
326,/home/pi/sambashare/BacArbeit/randomized_iamges/326.jpg,0.029421253999998953,False,False,False,False,False,False,False,False,False,False,False,False,False,False,False
327,/home/pi/sambashare/BacArbeit/randomized_iamges/327.jpg,0.02958291899994947,False,False,False,False,False,False,False,False,False,False,False,False,False,False,False
328,/home/pi/sambashare/BacArbeit/randomized_iamges/328.jpg,0.029623437000054764,False,False,False,False,False,False,False,False,False,False,False,False,False,False,False
329,/home/pi/sambashare/BacArbeit/randomized_iamges/329.jpg,0.029391975999942588,False,False,False,False,False,False,False,False,False,False,False,False,False,False,False
330,/home/pi/sambashare/BacArbeit/randomized_iamges/330.jpg,0.029517290000057983,False,False,False,False,False,False,False,False,False,False,False,False,False,False,False
331,/home/pi/sambashare/BacArbeit/randomized_iamges/331.jpg,0.029386124999973617,False,False,False,False,False,False,False,False,False,False,False,False,False,False,False
332,/home/pi/sambashare/BacArbeit/randomized_iamges/332.jpg,0.029337254999973084,False,False,False,False,False,False,False,False,False,False,False,False,False,False,False
333,/home/pi/sambashare/BacArbeit/randomized_iamges/333.jpg,0.029422809000152483,False,False,False,False,False,False,False,False,False,False,False,False,False,False,False
334,/home/pi/sambashare/BacArbeit/randomized_iamges/334.jpg,0.029382680000026085,False,False,False,False,False,False,False,False,False,False,False,False,False,False,False
335,/home/pi/sambashare/BacArbeit/randomized_iamges/335.jpg,0.029290217999914603,False,False,False,False,False,False,False,False,False,False,False,False,False,False,False
336,/home/pi/sambashare/BacArbeit/randomized_iamges/336.jpg,0.029314607000060278,False,False,False,False,False,False,False,False,False,False,False,False,False,False,False
337,/home/pi/sambashare/BacArbeit/randomized_iamges/337.jpg,0.02927595999994992,False,False,False,False,False,False,False,False,False,False,False,False,False,False,False
338,/home/pi/sambashare/BacArbeit/randomized_iamges/338.jpg,0.029404977000012877,False,False,False,False,False,False,False,False,False,False,False,False,False,False,False
339,/home/pi/sambashare/BacArbeit/randomized_iamges/339.jpg,0.0292339790000824,False,False,False,False,False,False,False,False,False,False,False,False,False,False,False
340,/home/pi/sambashare/BacArbeit/randomized_iamges/340.jpg,0.02934994099996402,False,False,False,False,False,False,False,False,False,False,False,False,False,False,False
341,/home/pi/sambashare/BacArbeit/randomized_iamges/341.jpg,0.029537568000023384,False,False,False,False,False,False,False,False,False,False,False,False,False,False,False
342,/home/pi/sambashare/BacArbeit/randomized_iamges/342.jpg,0.02935038500004339,False,False,False,False,False,False,False,False,False,False,False,False,False,False,False
343,/home/pi/sambashare/BacArbeit/randomized_iamges/343.jpg,0.029400420999991184,False,False,False,False,False,False,False,False,False,False,False,False,False,False,False
344,/home/pi/sambashare/BacArbeit/randomized_iamges/344.jpg,0.029288106999956653,False,False,False,False,False,False,False,False,False,False,False,False,False,False,False
345,/home/pi/sambashare/BacArbeit/randomized_iamges/345.jpg,0.029454623999981777,False,False,False,False,False,False,False,False,False,False,False,False,False,False,False
346,/home/pi/sambashare/BacArbeit/randomized_iamges/346.jpg,0.029477735000000393,False,False,False,False,False,False,False,False,False,False,False,False,False,False,False
347,/home/pi/sambashare/BacArbeit/randomized_iamges/347.jpg,0.029321366000203852,False,False,False,False,False,False,False,False,False,False,False,False,False,False,False
348,/home/pi/sambashare/BacArbeit/randomized_iamges/348.jpg,0.029327513999987787,False,False,False,False,False,False,False,False,False,False,False,False,False,False,False
349,/home/pi/sambashare/BacArbeit/randomized_iamges/349.jpg,0.029264588999922125,False,False,False,False,False,False,False,False,False,False,False,False,False,False,False
350,/home/pi/sambashare/BacArbeit/randomized_iamges/350.jpg,0.0292326819999289,False,False,False,False,False,False,False,False,False,False,False,False,False,False,False
351,/home/pi/sambashare/BacArbeit/randomized_iamges/351.jpg,0.02941097699999773,False,False,False,False,False,False,False,False,False,False,False,False,False,False,False
352,/home/pi/sambashare/BacArbeit/randomized_iamges/352.jpg,0.029408754000087356,False,False,False,False,False,False,False,False,False,False,False,False,False,False,False
353,/home/pi/sambashare/BacArbeit/randomized_iamges/353.jpg,0.029192607999902975,False,False,False,False,False,False,False,False,False,False,False,False,False,False,False
354,/home/pi/sambashare/BacArbeit/randomized_iamges/354.jpg,0.02934068100012155,False,False,False,False,False,False,False,False,False,False,False,False,False,False,False
355,/home/pi/sambashare/BacArbeit/randomized_iamges/355.jpg,0.029378625000163083,False,False,False,False,False,False,False,False,False,False,False,False,False,False,False
356,/home/pi/sambashare/BacArbeit/randomized_iamges/356.jpg,0.02938525399986247,False,False,False,False,False,False,False,False,False,False,False,False,False,False,False
357,/home/pi/sambashare/BacArbeit/randomized_iamges/357.jpg,0.02930870000000141,False,False,False,False,False,False,False,False,False,False,False,False,False,False,False
358,/home/pi/sambashare/BacArbeit/randomized_iamges/358.jpg,0.029375477000030514,False,False,False,False,False,False,False,False,False,False,False,False,False,False,False
359,/home/pi/sambashare/BacArbeit/randomized_iamges/359.jpg,0.029421309999861478,False,False,False,False,False,False,False,False,False,False,False,False,False,False,False
360,/home/pi/sambashare/BacArbeit/randomized_iamges/360.jpg,0.029352143999858527,False,False,False,False,False,False,False,False,False,False,False,False,False,False,False
361,/home/pi/sambashare/BacArbeit/randomized_iamges/361.jpg,0.029478828000037538,False,False,False,False,False,False,False,False,False,False,False,False,False,False,False
362,/home/pi/sambashare/BacArbeit/randomized_iamges/362.jpg,0.029334995999988678,False,False,False,False,False,False,False,False,False,False,False,False,False,False,False
363,/home/pi/sambashare/BacArbeit/randomized_iamges/363.jpg,0.02924401600012061,False,False,False,False,False,False,False,False,False,False,False,False,False,False,False
364,/home/pi/sambashare/BacArbeit/randomized_iamges/364.jpg,0.029320070000039777,False,False,False,False,False,False,False,False,False,False,False,False,False,False,False
365,/home/pi/sambashare/BacArbeit/randomized_iamges/365.jpg,0.02944316200000685,False,False,False,False,False,False,False,False,False,False,False,False,False,False,False
366,/home/pi/sambashare/BacArbeit/randomized_iamges/366.jpg,0.0293604220000816,False,False,False,False,False,False,False,False,False,False,False,False,False,False,False
367,/home/pi/sambashare/BacArbeit/randomized_iamges/367.jpg,0.029338309999957346,False,False,False,False,False,False,False,False,False,False,False,False,False,False,False
368,/home/pi/sambashare/BacArbeit/randomized_iamges/368.jpg,0.029381421999914892,False,False,False,False,False,False,False,False,False,False,False,False,False,False,False
369,/home/pi/sambashare/BacArbeit/randomized_iamges/369.jpg,0.029328514999861,False,False,False,False,False,False,False,False,False,False,False,False,False,False,False
370,/home/pi/sambashare/BacArbeit/randomized_iamges/370.jpg,0.02950751200000923,False,False,False,False,False,False,False,False,False,False,False,False,False,False,False
371,/home/pi/sambashare/BacArbeit/randomized_iamges/371.jpg,0.02939792100005434,False,False,False,False,False,False,False,False,False,False,False,False,False,False,False
372,/home/pi/sambashare/BacArbeit/randomized_iamges/372.jpg,0.029328959000167742,False,False,False,False,False,False,False,False,False,False,False,False,False,False,False
373,/home/pi/sambashare/BacArbeit/randomized_iamges/373.jpg,0.029438550000122632,False,False,False,False,False,False,False,False,False,False,False,False,False,False,False
374,/home/pi/sambashare/BacArbeit/randomized_iamges/374.jpg,0.029476716999852215,False,False,False,False,False,False,False,False,False,False,False,False,False,False,False
375,/home/pi/sambashare/BacArbeit/randomized_iamges/375.jpg,0.029308810999964408,False,False,False,False,False,False,False,False,False,False,False,False,False,False,False
376,/home/pi/sambashare/BacArbeit/randomized_iamges/376.jpg,0.0292714590000287,False,False,False,False,False,False,False,False,False,False,False,False,False,False,False
377,/home/pi/sambashare/BacArbeit/randomized_iamges/377.jpg,0.029409827999870686,False,False,False,False,False,False,False,False,False,False,False,False,False,False,False
378,/home/pi/sambashare/BacArbeit/randomized_iamges/378.jpg,0.029297810999878493,False,False,False,False,False,False,False,False,False,False,False,False,False,False,False
379,/home/pi/sambashare/BacArbeit/randomized_iamges/379.jpg,0.029426440000179355,False,False,False,False,False,False,False,False,False,False,False,False,False,False,False
380,/home/pi/sambashare/BacArbeit/randomized_iamges/380.jpg,0.029434920000085185,False,False,False,False,False,False,False,False,False,False,False,False,False,False,False
381,/home/pi/sambashare/BacArbeit/randomized_iamges/381.jpg,0.02955241999984537,False,False,False,False,False,False,False,False,False,False,False,False,False,False,False
382,/home/pi/sambashare/BacArbeit/randomized_iamges/382.jpg,0.029388254999958008,False,False,False,False,False,False,False,False,False,False,False,False,False,False,False
383,/home/pi/sambashare/BacArbeit/randomized_iamges/383.jpg,0.029348940000090806,False,False,False,False,False,False,False,False,False,False,False,False,False,False,False
384,/home/pi/sambashare/BacArbeit/randomized_iamges/384.jpg,0.029295496000031562,False,False,False,False,False,False,False,False,False,False,False,False,False,False,False
385,/home/pi/sambashare/BacArbeit/randomized_iamges/385.jpg,0.029439401999979964,False,False,False,False,False,False,False,False,False,False,False,False,False,False,False
386,/home/pi/sambashare/BacArbeit/randomized_iamges/386.jpg,0.029377995000004375,False,False,False,False,False,False,False,False,False,False,False,False,False,False,False
387,/home/pi/sambashare/BacArbeit/randomized_iamges/387.jpg,0.029409643000008145,False,False,False,False,False,False,False,False,False,False,False,False,False,False,False
388,/home/pi/sambashare/BacArbeit/randomized_iamges/388.jpg,0.029314791999922818,False,False,False,False,False,False,False,False,False,False,False,False,False,False,False
389,/home/pi/sambashare/BacArbeit/randomized_iamges/389.jpg,0.029277330000013535,False,False,False,False,False,False,False,False,False,False,False,False,False,False,False
390,/home/pi/sambashare/BacArbeit/randomized_iamges/390.jpg,0.029407068999944386,False,False,False,False,False,False,False,False,False,False,False,False,False,False,False
391,/home/pi/sambashare/BacArbeit/randomized_iamges/391.jpg,0.02944123500014939,False,False,False,False,False,False,False,False,False,False,False,False,False,False,False
392,/home/pi/sambashare/BacArbeit/randomized_iamges/392.jpg,0.02938945899995815,False,False,False,False,False,False,False,False,False,False,False,False,False,False,False
393,/home/pi/sambashare/BacArbeit/randomized_iamges/393.jpg,0.02929612600019027,False,False,False,False,False,False,False,False,False,False,False,False,False,False,False
394,/home/pi/sambashare/BacArbeit/randomized_iamges/394.jpg,0.029445643000144628,False,False,False,False,False,False,False,False,False,False,False,False,False,False,False
395,/home/pi/sambashare/BacArbeit/randomized_iamges/395.jpg,0.029321643999992375,False,False,False,False,False,False,False,False,False,False,False,False,False,False,False
396,/home/pi/sambashare/BacArbeit/randomized_iamges/396.jpg,0.02954717900001924,False,False,False,False,False,False,False,False,False,False,False,False,False,False,False
397,/home/pi/sambashare/BacArbeit/randomized_iamges/397.jpg,0.029381347000025926,False,False,False,False,False,False,False,False,False,False,False,False,False,False,False
398,/home/pi/sambashare/BacArbeit/randomized_iamges/398.jpg,0.029427142999793432,False,False,False,False,False,False,False,False,False,False,False,False,False,False,False
399,/home/pi/sambashare/BacArbeit/randomized_iamges/399.jpg,0.029387587999963216,False,False,False,False,False,False,False,False,False,False,False,False,False,False,False
400,/home/pi/sambashare/BacArbeit/randomized_iamges/400.jpg,0.02938893900000039,False,False,False,False,False,False,False,False,False,False,False,False,False,False,False
401,/home/pi/sambashare/BacArbeit/randomized_iamges/401.jpg,0.02943625400007477,False,False,False,False,False,False,False,False,False,False,False,False,False,False,False
402,/home/pi/sambashare/BacArbeit/randomized_iamges/402.jpg,0.02954858599991894,False,False,False,False,False,False,False,False,False,False,False,False,False,False,False
403,/home/pi/sambashare/BacArbeit/randomized_iamges/403.jpg,0.029586437000034493,False,False,False,False,False,False,False,False,False,False,False,False,False,False,False
404,/home/pi/sambashare/BacArbeit/randomized_iamges/404.jpg,0.029402828000002046,False,False,False,False,False,False,False,False,False,False,False,False,False,False,False
405,/home/pi/sambashare/BacArbeit/randomized_iamges/405.jpg,0.029411680000066553,False,False,False,False,False,False,False,False,False,False,False,False,False,False,False
406,/home/pi/sambashare/BacArbeit/randomized_iamges/406.jpg,0.029283273999908488,False,False,False,False,False,False,False,False,False,False,False,False,False,False,False
407,/home/pi/sambashare/BacArbeit/randomized_iamges/407.jpg,0.029458495000199036,False,False,False,False,False,False,False,False,False,False,False,False,False,False,False
408,/home/pi/sambashare/BacArbeit/randomized_iamges/408.jpg,0.029401125000049433,False,False,False,False,False,False,False,False,False,False,False,False,False,False,False
409,/home/pi/sambashare/BacArbeit/randomized_iamges/409.jpg,0.02943799400009084,False,False,False,False,False,False,False,False,False,False,False,False,False,False,False
410,/home/pi/sambashare/BacArbeit/randomized_iamges/410.jpg,0.02941323499999271,False,False,False,False,False,False,False,False,False,False,False,False,False,False,False
411,/home/pi/sambashare/BacArbeit/randomized_iamges/411.jpg,0.02942749399994682,False,False,False,False,False,False,False,False,False,False,False,False,False,False,False
412,/home/pi/sambashare/BacArbeit/randomized_iamges/412.jpg,0.02940790200000265,False,False,False,False,False,False,False,False,False,False,False,False,False,False,False
413,/home/pi/sambashare/BacArbeit/randomized_iamges/413.jpg,0.029335384999967573,False,False,False,False,False,False,False,False,False,False,False,False,False,False,False
414,/home/pi/sambashare/BacArbeit/randomized_iamges/414.jpg,0.02955810499997824,False,False,False,False,False,False,False,False,False,False,False,False,False,False,False
415,/home/pi/sambashare/BacArbeit/randomized_iamges/415.jpg,0.029412366000087786,False,False,False,False,False,False,False,False,False,False,False,False,False,False,False
416,/home/pi/sambashare/BacArbeit/randomized_iamges/416.jpg,0.02983278699980474,False,False,False,False,False,False,False,False,False,False,False,False,False,False,False
417,/home/pi/sambashare/BacArbeit/randomized_iamges/417.jpg,0.02931036699987999,False,False,False,False,False,False,False,False,False,False,False,False,False,False,False
418,/home/pi/sambashare/BacArbeit/randomized_iamges/418.jpg,0.029300552000222524,False,False,False,False,False,False,False,False,False,False,False,False,False,False,False
419,/home/pi/sambashare/BacArbeit/randomized_iamges/419.jpg,0.029404662000160897,False,False,False,False,False,False,False,False,False,False,False,False,False,False,False
420,/home/pi/sambashare/BacArbeit/randomized_iamges/420.jpg,0.029475754000031884,False,False,False,False,False,False,False,False,False,False,False,False,False,False,False
421,/home/pi/sambashare/BacArbeit/randomized_iamges/421.jpg,0.029426013999909628,False,False,False,False,False,False,False,False,False,False,False,False,False,False,False
422,/home/pi/sambashare/BacArbeit/randomized_iamges/422.jpg,0.02997193300006984,False,False,False,False,False,False,False,False,False,False,False,False,False,False,False
423,/home/pi/sambashare/BacArbeit/randomized_iamges/423.jpg,0.02927912599989213,False,False,False,False,False,False,False,False,False,False,False,False,False,False,False
424,/home/pi/sambashare/BacArbeit/randomized_iamges/424.jpg,0.029431013000021267,False,False,False,False,False,False,False,False,False,False,False,False,False,False,False
425,/home/pi/sambashare/BacArbeit/randomized_iamges/425.jpg,0.029406236000113495,False,False,False,False,False,False,False,False,False,False,False,False,False,False,False
426,/home/pi/sambashare/BacArbeit/randomized_iamges/426.jpg,0.029359310000018013,False,False,False,False,False,False,False,False,False,False,False,False,False,False,False
427,/home/pi/sambashare/BacArbeit/randomized_iamges/427.jpg,0.029364957999860053,False,False,False,False,False,False,False,False,False,False,False,False,False,False,False
428,/home/pi/sambashare/BacArbeit/randomized_iamges/428.jpg,0.029404218000081528,False,False,False,False,False,False,False,False,False,False,False,False,False,False,False
429,/home/pi/sambashare/BacArbeit/randomized_iamges/429.jpg,0.029337884999904418,False,False,False,False,False,False,False,False,False,False,False,False,False,False,False
430,/home/pi/sambashare/BacArbeit/randomized_iamges/430.jpg,0.029434125000079803,False,False,False,False,False,False,False,False,False,False,False,False,False,False,False
431,/home/pi/sambashare/BacArbeit/randomized_iamges/431.jpg,0.02948580900010711,False,False,False,False,False,False,False,False,False,False,False,False,False,False,False
432,/home/pi/sambashare/BacArbeit/randomized_iamges/432.jpg,0.02945505000002413,False,False,False,False,False,False,False,False,False,False,False,False,False,False,False
433,/home/pi/sambashare/BacArbeit/randomized_iamges/433.jpg,0.029495475999965493,False,False,False,False,False,False,False,False,False,False,False,False,False,False,False
434,/home/pi/sambashare/BacArbeit/randomized_iamges/434.jpg,0.029485957000133567,False,False,False,False,False,False,False,False,False,False,False,False,False,False,False
435,/home/pi/sambashare/BacArbeit/randomized_iamges/435.jpg,0.029484401999980037,False,False,False,False,False,False,False,False,False,False,False,False,False,False,False
436,/home/pi/sambashare/BacArbeit/randomized_iamges/436.jpg,0.02950506799993491,False,False,False,False,False,False,False,False,False,False,False,False,False,False,False
437,/home/pi/sambashare/BacArbeit/randomized_iamges/437.jpg,0.02941067999995539,False,False,False,False,False,False,False,False,False,False,False,False,False,False,False
438,/home/pi/sambashare/BacArbeit/randomized_iamges/438.jpg,0.02945986500003528,False,False,False,False,False,False,False,False,False,False,False,False,False,False,False
439,/home/pi/sambashare/BacArbeit/randomized_iamges/439.jpg,0.029559233999862045,False,False,False,False,False,False,False,False,False,False,False,False,False,False,False
440,/home/pi/sambashare/BacArbeit/randomized_iamges/440.jpg,0.029511104999983218,False,False,False,False,False,False,False,False,False,False,False,False,False,False,False
441,/home/pi/sambashare/BacArbeit/randomized_iamges/441.jpg,0.029454847000124573,False,False,False,False,False,False,False,False,False,False,False,False,False,False,False
442,/home/pi/sambashare/BacArbeit/randomized_iamges/442.jpg,0.029413402000045608,False,False,False,False,False,False,False,False,False,False,False,False,False,False,False
443,/home/pi/sambashare/BacArbeit/randomized_iamges/443.jpg,0.02948603100003311,False,False,False,False,False,False,False,False,False,False,False,False,False,False,False
444,/home/pi/sambashare/BacArbeit/randomized_iamges/444.jpg,0.029495549000102983,False,False,False,False,False,False,False,False,False,False,False,False,False,False,False
445,/home/pi/sambashare/BacArbeit/randomized_iamges/445.jpg,0.029260404000069684,False,False,False,False,False,False,False,False,False,False,False,False,False,False,False
446,/home/pi/sambashare/BacArbeit/randomized_iamges/446.jpg,0.029433291000032114,False,False,False,False,False,False,False,False,False,False,False,False,False,False,False
447,/home/pi/sambashare/BacArbeit/randomized_iamges/447.jpg,0.02927181199993356,False,False,False,False,False,False,False,False,False,False,False,False,False,False,False
448,/home/pi/sambashare/BacArbeit/randomized_iamges/448.jpg,0.02934879200006435,False,False,False,False,False,False,False,False,False,False,False,False,False,False,False
449,/home/pi/sambashare/BacArbeit/randomized_iamges/449.jpg,0.029368754999950397,False,False,False,False,False,False,False,False,False,False,False,False,False,False,False
450,/home/pi/sambashare/BacArbeit/randomized_iamges/450.jpg,0.02941382800008796,False,False,False,False,False,False,False,False,False,False,False,False,False,False,False
451,/home/pi/sambashare/BacArbeit/randomized_iamges/451.jpg,0.029413420999844675,False,False,False,False,False,False,False,False,False,False,False,False,False,False,False
452,/home/pi/sambashare/BacArbeit/randomized_iamges/452.jpg,0.029411255000013625,False,False,False,False,False,False,False,False,False,False,False,False,False,False,False
453,/home/pi/sambashare/BacArbeit/randomized_iamges/453.jpg,0.02944838400003391,False,False,False,False,False,False,False,False,False,False,False,False,False,False,False
454,/home/pi/sambashare/BacArbeit/randomized_iamges/454.jpg,0.029471123999883275,False,False,False,False,False,False,False,False,False,False,False,False,False,False,False
455,/home/pi/sambashare/BacArbeit/randomized_iamges/455.jpg,0.02926505300001736,False,False,False,False,False,False,False,False,False,False,False,False,False,False,False
456,/home/pi/sambashare/BacArbeit/randomized_iamges/456.jpg,0.029390569000042888,False,False,False,False,False,False,False,False,False,False,False,False,False,False,False
457,/home/pi/sambashare/BacArbeit/randomized_iamges/457.jpg,0.02929462599990984,False,False,False,False,False,False,False,False,False,False,False,False,False,False,False
458,/home/pi/sambashare/BacArbeit/randomized_iamges/458.jpg,0.029410624999854917,False,False,False,False,False,False,False,False,False,False,False,False,False,False,False
459,/home/pi/sambashare/BacArbeit/randomized_iamges/459.jpg,0.029468050000104995,False,False,False,False,False,False,False,False,False,False,False,False,False,False,False
460,/home/pi/sambashare/BacArbeit/randomized_iamges/460.jpg,0.029416495000077703,False,False,False,False,False,False,False,False,False,False,False,False,False,False,False
461,/home/pi/sambashare/BacArbeit/randomized_iamges/461.jpg,0.029535400999975536,False,False,False,False,False,False,False,False,False,False,False,False,False,False,False
462,/home/pi/sambashare/BacArbeit/randomized_iamges/462.jpg,0.029323625000188258,False,False,False,False,False,False,False,False,False,False,False,False,False,False,False
463,/home/pi/sambashare/BacArbeit/randomized_iamges/463.jpg,0.029402995000054943,False,False,False,False,False,False,False,False,False,False,False,False,False,False,False
464,/home/pi/sambashare/BacArbeit/randomized_iamges/464.jpg,0.029351755000107005,False,False,False,False,False,False,False,False,False,False,False,False,False,False,False
465,/home/pi/sambashare/BacArbeit/randomized_iamges/465.jpg,0.029374995000125637,False,False,False,False,False,False,False,False,False,False,False,False,False,False,False
466,/home/pi/sambashare/BacArbeit/randomized_iamges/466.jpg,0.02938766200009013,False,False,False,False,False,False,False,False,False,False,False,False,False,False,False
467,/home/pi/sambashare/BacArbeit/randomized_iamges/467.jpg,0.029410903000098187,False,False,False,False,False,False,False,False,False,False,False,False,False,False,False
468,/home/pi/sambashare/BacArbeit/randomized_iamges/468.jpg,0.029448957999875347,False,False,False,False,False,False,False,False,False,False,False,False,False,False,False
469,/home/pi/sambashare/BacArbeit/randomized_iamges/469.jpg,0.029836990999910995,False,False,False,False,False,False,False,False,False,False,False,False,False,False,False
470,/home/pi/sambashare/BacArbeit/randomized_iamges/470.jpg,0.029471716999978526,False,False,False,False,False,False,False,False,False,False,False,False,False,False,False
471,/home/pi/sambashare/BacArbeit/randomized_iamges/471.jpg,0.029278255999997782,False,False,False,False,False,False,False,False,False,False,False,False,False,False,False
472,/home/pi/sambashare/BacArbeit/randomized_iamges/472.jpg,0.02937471799987179,False,False,False,False,False,False,False,False,False,False,False,False,False,False,False
473,/home/pi/sambashare/BacArbeit/randomized_iamges/473.jpg,0.029601992999914728,False,False,False,False,False,False,False,False,False,False,False,False,False,False,False
474,/home/pi/sambashare/BacArbeit/randomized_iamges/474.jpg,0.029355569000017567,False,False,False,False,False,False,False,False,False,False,False,False,False,False,False
475,/home/pi/sambashare/BacArbeit/randomized_iamges/475.jpg,0.029439421000006405,False,False,False,False,False,False,False,False,False,False,False,False,False,False,False
476,/home/pi/sambashare/BacArbeit/randomized_iamges/476.jpg,0.02952991900019697,False,False,False,False,False,False,False,False,False,False,False,False,False,False,False
477,/home/pi/sambashare/BacArbeit/randomized_iamges/477.jpg,0.02935736600011296,False,False,False,False,False,False,False,False,False,False,False,False,False,False,False
478,/home/pi/sambashare/BacArbeit/randomized_iamges/478.jpg,0.02922492300012891,False,False,False,False,False,False,False,False,False,False,False,False,False,False,False
479,/home/pi/sambashare/BacArbeit/randomized_iamges/479.jpg,0.02937499600011506,False,False,False,False,False,False,False,False,False,False,False,False,False,False,False
480,/home/pi/sambashare/BacArbeit/randomized_iamges/480.jpg,0.02942821700003151,False,False,False,False,False,False,False,False,False,False,False,False,False,False,False
481,/home/pi/sambashare/BacArbeit/randomized_iamges/481.jpg,0.029363291999970897,False,False,False,False,False,False,False,False,False,False,False,False,False,False,False
482,/home/pi/sambashare/BacArbeit/randomized_iamges/482.jpg,0.029334439999956885,False,False,False,False,False,False,False,False,False,False,False,False,False,False,False
483,/home/pi/sambashare/BacArbeit/randomized_iamges/483.jpg,0.029399255000043922,False,False,False,False,False,False,False,False,False,False,False,False,False,False,False
484,/home/pi/sambashare/BacArbeit/randomized_iamges/484.jpg,0.029452049999918017,False,False,False,False,False,False,False,False,False,False,False,False,False,False,False
485,/home/pi/sambashare/BacArbeit/randomized_iamges/485.jpg,0.02946419800014155,False,False,False,False,False,False,False,False,False,False,False,False,False,False,False
486,/home/pi/sambashare/BacArbeit/randomized_iamges/486.jpg,0.029360698999880697,False,False,False,False,False,False,False,False,False,False,False,False,False,False,False
487,/home/pi/sambashare/BacArbeit/randomized_iamges/487.jpg,0.02943967999999586,False,False,False,False,False,False,False,False,False,False,False,False,False,False,False
488,/home/pi/sambashare/BacArbeit/randomized_iamges/488.jpg,0.02932725499999833,False,False,False,False,False,False,False,False,False,False,False,False,False,False,False
489,/home/pi/sambashare/BacArbeit/randomized_iamges/489.jpg,0.029388365999921007,False,False,False,False,False,False,False,False,False,False,False,False,False,False,False
490,/home/pi/sambashare/BacArbeit/randomized_iamges/490.jpg,0.029292217999909553,False,False,False,False,False,False,False,False,False,False,False,False,False,False,False
491,/home/pi/sambashare/BacArbeit/randomized_iamges/491.jpg,0.029370958000072278,False,False,False,False,False,False,False,False,False,False,False,False,False,False,False
492,/home/pi/sambashare/BacArbeit/randomized_iamges/492.jpg,0.029432809999889287,False,False,False,False,False,False,False,False,False,False,False,False,False,False,False
493,/home/pi/sambashare/BacArbeit/randomized_iamges/493.jpg,0.02928425499999321,False,False,False,False,False,False,False,False,False,False,False,False,False,False,False
494,/home/pi/sambashare/BacArbeit/randomized_iamges/494.jpg,0.02950330900011977,False,False,False,False,False,False,False,False,False,False,False,False,False,False,False
495,/home/pi/sambashare/BacArbeit/randomized_iamges/495.jpg,0.02942180900004132,False,False,False,False,False,False,False,False,False,False,False,False,False,False,False
496,/home/pi/sambashare/BacArbeit/randomized_iamges/496.jpg,0.029279273999918587,False,False,False,False,False,False,False,False,False,False,False,False,False,False,False
497,/home/pi/sambashare/BacArbeit/randomized_iamges/497.jpg,0.029681307000146262,False,False,False,False,False,False,False,False,False,False,False,False,False,False,False
498,/home/pi/sambashare/BacArbeit/randomized_iamges/498.jpg,0.029372254999998404,False,False,False,False,False,False,False,False,False,False,False,False,False,False,False
499,/home/pi/sambashare/BacArbeit/randomized_iamges/499.jpg,0.02926568100019722,False,False,False,False,False,False,False,False,False,False,False,False,False,False,False
500,/home/pi/sambashare/BacArbeit/randomized_iamges/500.jpg,0.02927566400012438,False,False,False,False,False,False,False,False,False,False,False,False,False,False,False
501,/home/pi/sambashare/BacArbeit/randomized_iamges/501.jpg,0.029391031999921324,False,False,False,False,False,False,False,False,False,False,False,False,False,False,False
502,/home/pi/sambashare/BacArbeit/randomized_iamges/502.jpg,0.029268107999996573,False,False,False,False,False,False,False,False,False,False,False,False,False,False,False
503,/home/pi/sambashare/BacArbeit/randomized_iamges/503.jpg,0.029366624999966007,False,False,False,False,False,False,False,False,False,False,False,False,False,False,False
504,/home/pi/sambashare/BacArbeit/randomized_iamges/504.jpg,0.02928023699996629,False,False,False,False,False,False,False,False,False,False,False,False,False,False,False
505,/home/pi/sambashare/BacArbeit/randomized_iamges/505.jpg,0.029463012999940474,False,False,False,False,False,False,False,False,False,False,False,False,False,False,False
506,/home/pi/sambashare/BacArbeit/randomized_iamges/506.jpg,0.02929471800007377,False,False,False,False,False,False,False,False,False,False,False,False,False,False,False
507,/home/pi/sambashare/BacArbeit/randomized_iamges/507.jpg,0.02943601399988438,False,False,False,False,False,False,False,False,False,False,False,False,False,False,False
508,/home/pi/sambashare/BacArbeit/randomized_iamges/508.jpg,0.029278292000071815,False,False,False,False,False,False,False,False,False,False,False,False,False,False,False
509,/home/pi/sambashare/BacArbeit/randomized_iamges/509.jpg,0.02932060700004513,False,False,False,False,False,False,False,False,False,False,False,False,False,False,False
510,/home/pi/sambashare/BacArbeit/randomized_iamges/510.jpg,0.029440643000043565,False,False,False,False,False,False,False,False,False,False,False,False,False,False,False
511,/home/pi/sambashare/BacArbeit/randomized_iamges/511.jpg,0.029354217999980392,False,False,False,False,False,False,False,False,False,False,False,False,False,False,False
512,/home/pi/sambashare/BacArbeit/randomized_iamges/512.jpg,0.029396865999842703,False,False,False,False,False,False,False,False,False,False,False,False,False,False,False
513,/home/pi/sambashare/BacArbeit/randomized_iamges/513.jpg,0.029237886000146318,False,False,False,False,False,False,False,False,False,False,False,False,False,False,False
514,/home/pi/sambashare/BacArbeit/randomized_iamges/514.jpg,0.029457458000024417,False,False,False,False,False,False,False,False,False,False,False,False,False,False,False
515,/home/pi/sambashare/BacArbeit/randomized_iamges/515.jpg,0.029358088000208227,False,False,False,False,False,False,False,False,False,False,False,False,False,False,False
516,/home/pi/sambashare/BacArbeit/randomized_iamges/516.jpg,0.02946919800001524,False,False,False,False,False,False,False,False,False,False,False,False,False,False,False
517,/home/pi/sambashare/BacArbeit/randomized_iamges/517.jpg,0.029216941999948176,False,False,False,False,False,False,False,False,False,False,False,False,False,False,False
518,/home/pi/sambashare/BacArbeit/randomized_iamges/518.jpg,0.029399792000049274,False,False,False,False,False,False,False,False,False,False,False,False,False,False,False
519,/home/pi/sambashare/BacArbeit/randomized_iamges/519.jpg,0.02935162499989019,False,False,False,False,False,False,False,False,False,False,False,False,False,False,False
520,/home/pi/sambashare/BacArbeit/randomized_iamges/520.jpg,0.029421403000014834,False,False,False,False,False,False,False,False,False,False,False,False,False,False,False
521,/home/pi/sambashare/BacArbeit/randomized_iamges/521.jpg,0.029326959000172792,False,False,False,False,False,False,False,False,False,False,False,False,False,False,False
522,/home/pi/sambashare/BacArbeit/randomized_iamges/522.jpg,0.029268810999838024,False,False,False,False,False,False,False,False,False,False,False,False,False,False,False
523,/home/pi/sambashare/BacArbeit/randomized_iamges/523.jpg,0.029305755999985195,False,False,False,False,False,False,False,False,False,False,False,False,False,False,False
524,/home/pi/sambashare/BacArbeit/randomized_iamges/524.jpg,0.029246996999972907,False,False,False,False,False,False,False,False,False,False,False,False,False,False,False
525,/home/pi/sambashare/BacArbeit/randomized_iamges/525.jpg,0.02933664400006819,False,False,False,False,False,False,False,False,False,False,False,False,False,False,False
526,/home/pi/sambashare/BacArbeit/randomized_iamges/526.jpg,0.029394272999979876,False,False,False,False,False,False,False,False,False,False,False,False,False,False,False
527,/home/pi/sambashare/BacArbeit/randomized_iamges/527.jpg,0.02929534899999453,False,False,False,False,False,False,False,False,False,False,False,False,False,False,False
528,/home/pi/sambashare/BacArbeit/randomized_iamges/528.jpg,0.029263125999932527,False,False,False,False,False,False,False,False,False,False,False,False,False,False,False
529,/home/pi/sambashare/BacArbeit/randomized_iamges/529.jpg,0.02936686600014582,False,False,False,False,False,False,False,False,False,False,False,False,False,False,False
530,/home/pi/sambashare/BacArbeit/randomized_iamges/530.jpg,0.02934768099999019,False,False,False,False,False,False,False,False,False,False,False,False,False,False,False
531,/home/pi/sambashare/BacArbeit/randomized_iamges/531.jpg,0.029388292000021465,False,False,False,False,False,False,False,False,False,False,False,False,False,False,False
532,/home/pi/sambashare/BacArbeit/randomized_iamges/532.jpg,0.029905582000083086,False,False,False,False,False,False,False,False,False,False,False,False,False,False,False
533,/home/pi/sambashare/BacArbeit/randomized_iamges/533.jpg,0.029406772999891473,False,False,False,False,False,False,False,False,False,False,False,False,False,False,False
534,/home/pi/sambashare/BacArbeit/randomized_iamges/534.jpg,0.029871619999994437,False,False,False,False,False,False,False,False,False,False,False,False,False,False,False
535,/home/pi/sambashare/BacArbeit/randomized_iamges/535.jpg,0.029248811999877944,False,False,False,False,False,False,False,False,False,False,False,False,False,False,False
536,/home/pi/sambashare/BacArbeit/randomized_iamges/536.jpg,0.029280460000109088,False,False,False,False,False,False,False,False,False,False,False,False,False,False,False
537,/home/pi/sambashare/BacArbeit/randomized_iamges/537.jpg,0.02937027300004047,False,False,False,False,False,False,False,False,False,False,False,False,False,False,False
538,/home/pi/sambashare/BacArbeit/randomized_iamges/538.jpg,0.029408420999970986,False,False,False,False,False,False,False,False,False,False,False,False,False,False,False
539,/home/pi/sambashare/BacArbeit/randomized_iamges/539.jpg,0.029281330000003436,False,False,False,False,False,False,False,False,False,False,False,False,False,False,False
540,/home/pi/sambashare/BacArbeit/randomized_iamges/540.jpg,0.029227997999896616,False,False,False,False,False,False,False,False,False,False,False,False,False,False,False
541,/home/pi/sambashare/BacArbeit/randomized_iamges/541.jpg,0.029293256000073598,False,False,False,False,False,False,False,False,False,False,False,False,False,False,False
542,/home/pi/sambashare/BacArbeit/randomized_iamges/542.jpg,0.029259959999990315,False,False,False,False,False,False,False,False,False,False,False,False,False,False,False
543,/home/pi/sambashare/BacArbeit/randomized_iamges/543.jpg,0.02978199099993617,False,False,False,False,False,False,False,False,False,False,False,False,False,False,False
544,/home/pi/sambashare/BacArbeit/randomized_iamges/544.jpg,0.02930555199986884,False,False,False,False,False,False,False,False,False,False,False,False,False,False,False
545,/home/pi/sambashare/BacArbeit/randomized_iamges/545.jpg,0.029404217000092103,False,False,False,False,False,False,False,False,False,False,False,False,False,False,False
546,/home/pi/sambashare/BacArbeit/randomized_iamges/546.jpg,0.029311310999901252,False,False,False,False,False,False,False,False,False,False,False,False,False,False,False
547,/home/pi/sambashare/BacArbeit/randomized_iamges/547.jpg,0.029265515000133746,False,False,False,False,False,False,False,False,False,False,False,False,False,False,False
548,/home/pi/sambashare/BacArbeit/randomized_iamges/548.jpg,0.029327811000030124,False,False,False,False,False,False,False,False,False,False,False,False,False,False,False
549,/home/pi/sambashare/BacArbeit/randomized_iamges/549.jpg,0.02926003400011723,False,False,False,False,False,False,False,False,False,False,False,False,False,False,False
550,/home/pi/sambashare/BacArbeit/randomized_iamges/550.jpg,0.029233367999950133,False,False,False,False,False,False,False,False,False,False,False,False,False,False,False
551,/home/pi/sambashare/BacArbeit/randomized_iamges/551.jpg,0.02932414399992922,False,False,False,False,False,False,False,False,False,False,False,False,False,False,False
552,/home/pi/sambashare/BacArbeit/randomized_iamges/552.jpg,0.029228793999891423,False,False,False,False,False,False,False,False,False,False,False,False,False,False,False
553,/home/pi/sambashare/BacArbeit/randomized_iamges/553.jpg,0.029293495999809238,False,False,False,False,False,False,False,False,False,False,False,False,False,False,False
554,/home/pi/sambashare/BacArbeit/randomized_iamges/554.jpg,0.02935786700004428,False,False,False,False,False,False,False,False,False,False,False,False,False,False,False
555,/home/pi/sambashare/BacArbeit/randomized_iamges/555.jpg,0.029318310999997266,False,False,False,False,False,False,False,False,False,False,False,False,False,False,False
556,/home/pi/sambashare/BacArbeit/randomized_iamges/556.jpg,0.029422088000046642,False,False,False,False,False,False,False,False,False,False,False,False,False,False,False
557,/home/pi/sambashare/BacArbeit/randomized_iamges/557.jpg,0.029321347999939462,False,False,False,False,False,False,False,False,False,False,False,False,False,False,False
558,/home/pi/sambashare/BacArbeit/randomized_iamges/558.jpg,0.02935462599998573,False,False,False,False,False,False,False,False,False,False,False,False,False,False,False
559,/home/pi/sambashare/BacArbeit/randomized_iamges/559.jpg,0.02925757100001647,False,False,False,False,False,False,False,False,False,False,False,False,False,False,False
560,/home/pi/sambashare/BacArbeit/randomized_iamges/560.jpg,0.0292340339999555,False,False,False,False,False,False,False,False,False,False,False,False,False,False,False
561,/home/pi/sambashare/BacArbeit/randomized_iamges/561.jpg,0.029263292999985424,False,False,False,False,False,False,False,False,False,False,False,False,False,False,False
562,/home/pi/sambashare/BacArbeit/randomized_iamges/562.jpg,0.02923540500000854,False,False,False,False,False,False,False,False,False,False,False,False,False,False,False
563,/home/pi/sambashare/BacArbeit/randomized_iamges/563.jpg,0.029210126999942077,False,False,False,False,False,False,False,False,False,False,False,False,False,False,False
564,/home/pi/sambashare/BacArbeit/randomized_iamges/564.jpg,0.02922875700005534,False,False,False,False,False,False,False,False,False,False,False,False,False,False,False
565,/home/pi/sambashare/BacArbeit/randomized_iamges/565.jpg,0.029259867000064332,False,False,False,False,False,False,False,False,False,False,False,False,False,False,False
566,/home/pi/sambashare/BacArbeit/randomized_iamges/566.jpg,0.02927145999979075,False,False,False,False,False,False,False,False,False,False,False,False,False,False,False
567,/home/pi/sambashare/BacArbeit/randomized_iamges/567.jpg,0.029415310000104,False,False,False,False,False,False,False,False,False,False,False,False,False,False,False
568,/home/pi/sambashare/BacArbeit/randomized_iamges/568.jpg,0.02922818299998653,False,False,False,False,False,False,False,False,False,False,False,False,False,False,False
569,/home/pi/sambashare/BacArbeit/randomized_iamges/569.jpg,0.029255608000084976,False,False,False,False,False,False,False,False,False,False,False,False,False,False,False
570,/home/pi/sambashare/BacArbeit/randomized_iamges/570.jpg,0.02926971900001263,False,False,False,False,False,False,False,False,False,False,False,False,False,False,False
571,/home/pi/sambashare/BacArbeit/randomized_iamges/571.jpg,0.029293829999915033,False,False,False,False,False,False,False,False,False,False,False,False,False,False,False
572,/home/pi/sambashare/BacArbeit/randomized_iamges/572.jpg,0.029170387000021947,False,False,False,False,False,False,False,False,False,False,False,False,False,False,False
573,/home/pi/sambashare/BacArbeit/randomized_iamges/573.jpg,0.02921382999988964,False,False,False,False,False,False,False,False,False,False,False,False,False,False,False
574,/home/pi/sambashare/BacArbeit/randomized_iamges/574.jpg,0.029464698000083445,False,False,False,False,False,False,False,False,False,False,False,False,False,False,False
575,/home/pi/sambashare/BacArbeit/randomized_iamges/575.jpg,0.02924308999990899,False,False,False,False,False,False,False,False,False,False,False,False,False,False,False
576,/home/pi/sambashare/BacArbeit/randomized_iamges/576.jpg,0.029733344000078432,False,False,False,False,False,False,False,False,False,False,False,False,False,False,False
577,/home/pi/sambashare/BacArbeit/randomized_iamges/577.jpg,0.029600660000141943,False,False,False,False,False,False,False,False,False,False,False,False,False,False,False
578,/home/pi/sambashare/BacArbeit/randomized_iamges/578.jpg,0.029207127000063338,False,False,False,False,False,False,False,False,False,False,False,False,False,False,False
579,/home/pi/sambashare/BacArbeit/randomized_iamges/579.jpg,0.029109312999935355,False,False,False,False,False,False,False,False,False,False,False,False,False,False,False
580,/home/pi/sambashare/BacArbeit/randomized_iamges/580.jpg,0.029286255999977584,False,False,False,False,False,False,False,False,False,False,False,False,False,False,False
581,/home/pi/sambashare/BacArbeit/randomized_iamges/581.jpg,0.029183905000081722,False,False,False,False,False,False,False,False,False,False,False,False,False,False,False
582,/home/pi/sambashare/BacArbeit/randomized_iamges/582.jpg,0.029328458999998475,False,False,False,False,False,False,False,False,False,False,False,False,False,False,False
583,/home/pi/sambashare/BacArbeit/randomized_iamges/583.jpg,0.029320828999971127,False,False,False,False,False,False,False,False,False,False,False,False,False,False,False
584,/home/pi/sambashare/BacArbeit/randomized_iamges/584.jpg,0.029292922000195176,False,False,False,False,False,False,False,False,False,False,False,False,False,False,False
585,/home/pi/sambashare/BacArbeit/randomized_iamges/585.jpg,0.029495457999928476,False,False,False,False,False,False,False,False,False,False,False,False,False,False,False
586,/home/pi/sambashare/BacArbeit/randomized_iamges/586.jpg,0.029263812000181133,False,False,False,False,False,False,False,False,False,False,False,False,False,False,False
587,/home/pi/sambashare/BacArbeit/randomized_iamges/587.jpg,0.029859712999950716,False,False,False,False,False,False,False,False,False,False,False,False,False,False,False
588,/home/pi/sambashare/BacArbeit/randomized_iamges/588.jpg,0.029388624999910462,False,False,False,False,False,False,False,False,False,False,False,False,False,False,False
589,/home/pi/sambashare/BacArbeit/randomized_iamges/589.jpg,0.029345403999968767,False,False,False,False,False,False,False,False,False,False,False,False,False,False,False
590,/home/pi/sambashare/BacArbeit/randomized_iamges/590.jpg,0.02919731299994055,False,False,False,False,False,False,False,False,False,False,False,False,False,False,False
591,/home/pi/sambashare/BacArbeit/randomized_iamges/591.jpg,0.02936777400009305,False,False,False,False,False,False,False,False,False,False,False,False,False,False,False
592,/home/pi/sambashare/BacArbeit/randomized_iamges/592.jpg,0.02936995899995054,False,False,False,False,False,False,False,False,False,False,False,False,False,False,False
593,/home/pi/sambashare/BacArbeit/randomized_iamges/593.jpg,0.029780843000025925,False,False,False,False,False,False,False,False,False,False,False,False,False,False,False
594,/home/pi/sambashare/BacArbeit/randomized_iamges/594.jpg,0.029058777000045666,False,False,False,False,False,False,False,False,False,False,False,False,False,False,False
595,/home/pi/sambashare/BacArbeit/randomized_iamges/595.jpg,0.02925879300005363,False,False,False,False,False,False,False,False,False,False,False,False,False,False,False
596,/home/pi/sambashare/BacArbeit/randomized_iamges/596.jpg,0.029367773000103625,False,False,False,False,False,False,False,False,False,False,False,False,False,False,False
597,/home/pi/sambashare/BacArbeit/randomized_iamges/597.jpg,0.029149702000040634,False,False,False,False,False,False,False,False,False,False,False,False,False,False,False
598,/home/pi/sambashare/BacArbeit/randomized_iamges/598.jpg,0.029254904000026727,False,False,False,False,False,False,False,False,False,False,False,False,False,False,False
599,/home/pi/sambashare/BacArbeit/randomized_iamges/599.jpg,0.029678788000182976,False,False,False,False,False,False,False,False,False,False,False,False,False,False,False
600,/home/pi/sambashare/BacArbeit/randomized_iamges/600.jpg,0.029356421999864324,False,False,False,False,False,False,False,False,False,False,False,False,False,False,False
601,/home/pi/sambashare/BacArbeit/randomized_iamges/601.jpg,0.029213867999942522,False,False,False,False,False,False,False,False,False,False,False,False,False,False,False
602,/home/pi/sambashare/BacArbeit/randomized_iamges/602.jpg,0.029207015999872965,False,False,False,False,False,False,False,False,False,False,False,False,False,False,False
603,/home/pi/sambashare/BacArbeit/randomized_iamges/603.jpg,0.029211979000137944,False,False,False,False,False,False,False,False,False,False,False,False,False,False,False
604,/home/pi/sambashare/BacArbeit/randomized_iamges/604.jpg,0.02935381099996448,False,False,False,False,False,False,False,False,False,False,False,False,False,False,False
605,/home/pi/sambashare/BacArbeit/randomized_iamges/605.jpg,0.029283497000051284,False,False,False,False,False,False,False,False,False,False,False,False,False,False,False
606,/home/pi/sambashare/BacArbeit/randomized_iamges/606.jpg,0.029351717999816174,False,False,False,False,False,False,False,False,False,False,False,False,False,False,False
607,/home/pi/sambashare/BacArbeit/randomized_iamges/607.jpg,0.029401180999911958,False,False,False,False,False,False,False,False,False,False,False,False,False,False,False
608,/home/pi/sambashare/BacArbeit/randomized_iamges/608.jpg,0.029407236000224657,False,False,False,False,False,False,False,False,False,False,False,False,False,False,False
609,/home/pi/sambashare/BacArbeit/randomized_iamges/609.jpg,0.02939568000010695,False,False,False,False,False,False,False,False,False,False,False,False,False,False,False
610,/home/pi/sambashare/BacArbeit/randomized_iamges/610.jpg,0.029468532000009873,False,False,False,False,False,False,False,False,False,False,False,False,False,False,False
611,/home/pi/sambashare/BacArbeit/randomized_iamges/611.jpg,0.029387551000127132,False,False,False,False,False,False,False,False,False,False,False,False,False,False,False
612,/home/pi/sambashare/BacArbeit/randomized_iamges/612.jpg,0.029462809000051493,False,False,False,False,False,False,False,False,False,False,False,False,False,False,False
613,/home/pi/sambashare/BacArbeit/randomized_iamges/613.jpg,0.029448903000002247,False,False,False,False,False,False,False,False,False,False,False,False,False,False,False
614,/home/pi/sambashare/BacArbeit/randomized_iamges/614.jpg,0.029876268000180062,False,False,False,False,False,False,False,False,False,False,False,False,False,False,False
615,/home/pi/sambashare/BacArbeit/randomized_iamges/615.jpg,0.029472901999952228,False,False,False,False,False,False,False,False,False,False,False,False,False,False,False
616,/home/pi/sambashare/BacArbeit/randomized_iamges/616.jpg,0.029832712999905198,False,False,False,False,False,False,False,False,False,False,False,False,False,False,False
617,/home/pi/sambashare/BacArbeit/randomized_iamges/617.jpg,0.029227644999991753,False,False,False,False,False,False,False,False,False,False,False,False,False,False,False
618,/home/pi/sambashare/BacArbeit/randomized_iamges/618.jpg,0.029539790000171706,False,False,False,False,False,False,False,False,False,False,False,False,False,False,False
619,/home/pi/sambashare/BacArbeit/randomized_iamges/619.jpg,0.029335124999988693,False,False,False,False,False,False,False,False,False,False,False,False,False,False,False
620,/home/pi/sambashare/BacArbeit/randomized_iamges/620.jpg,0.029302106999921307,False,False,False,False,False,False,False,False,False,False,False,False,False,False,False
621,/home/pi/sambashare/BacArbeit/randomized_iamges/621.jpg,0.02997465600014948,False,False,False,False,False,False,False,False,False,False,False,False,False,False,False
622,/home/pi/sambashare/BacArbeit/randomized_iamges/622.jpg,0.029359014000192474,False,False,False,False,False,False,False,False,False,False,False,False,False,False,False
623,/home/pi/sambashare/BacArbeit/randomized_iamges/623.jpg,0.02934077400004753,False,False,False,False,False,False,False,False,False,False,False,False,False,False,False
624,/home/pi/sambashare/BacArbeit/randomized_iamges/624.jpg,0.02933814500011067,False,False,False,False,False,False,False,False,False,False,False,False,False,False,False
625,/home/pi/sambashare/BacArbeit/randomized_iamges/625.jpg,0.02942958699986775,False,False,False,False,False,False,False,False,False,False,False,False,False,False,False
626,/home/pi/sambashare/BacArbeit/randomized_iamges/626.jpg,0.02945975400007228,False,False,False,False,False,False,False,False,False,False,False,False,False,False,False
627,/home/pi/sambashare/BacArbeit/randomized_iamges/627.jpg,0.02948667900000146,False,False,False,False,False,False,False,False,False,False,False,False,False,False,False
628,/home/pi/sambashare/BacArbeit/randomized_iamges/628.jpg,0.02958556699991277,False,False,False,False,False,False,False,False,False,False,False,False,False,False,False
629,/home/pi/sambashare/BacArbeit/randomized_iamges/629.jpg,0.02945982799997182,False,False,False,False,False,False,False,False,False,False,False,False,False,False,False
630,/home/pi/sambashare/BacArbeit/randomized_iamges/630.jpg,0.029377439999962007,False,False,False,False,False,False,False,False,False,False,False,False,False,False,False
631,/home/pi/sambashare/BacArbeit/randomized_iamges/631.jpg,0.029363940999928673,False,False,False,False,False,False,False,False,False,False,False,False,False,False,False
632,/home/pi/sambashare/BacArbeit/randomized_iamges/632.jpg,0.029380198999888307,False,False,False,False,False,False,False,False,False,False,False,False,False,False,False
633,/home/pi/sambashare/BacArbeit/randomized_iamges/633.jpg,0.029285625999818876,False,False,False,False,False,False,False,False,False,False,False,False,False,False,False
634,/home/pi/sambashare/BacArbeit/randomized_iamges/634.jpg,0.02938842100002148,False,False,False,False,False,False,False,False,False,False,False,False,False,False,False
635,/home/pi/sambashare/BacArbeit/randomized_iamges/635.jpg,0.0293217559999448,False,False,False,False,False,False,False,False,False,False,False,False,False,False,False
636,/home/pi/sambashare/BacArbeit/randomized_iamges/636.jpg,0.02938045900009456,False,False,False,False,False,False,False,False,False,False,False,False,False,False,False
637,/home/pi/sambashare/BacArbeit/randomized_iamges/637.jpg,0.02928582999993523,False,False,False,False,False,False,False,False,False,False,False,False,False,False,False
638,/home/pi/sambashare/BacArbeit/randomized_iamges/638.jpg,0.029326161999961187,False,False,False,False,False,False,False,False,False,False,False,False,False,False,False
639,/home/pi/sambashare/BacArbeit/randomized_iamges/639.jpg,0.02946204999989277,False,False,False,False,False,False,False,False,False,False,False,False,False,False,False
640,/home/pi/sambashare/BacArbeit/randomized_iamges/640.jpg,0.029578825999806213,False,False,False,False,False,False,False,False,False,False,False,False,False,False,False
641,/home/pi/sambashare/BacArbeit/randomized_iamges/641.jpg,0.02947408699992593,False,False,False,False,False,False,False,False,False,False,False,False,False,False,False
642,/home/pi/sambashare/BacArbeit/randomized_iamges/642.jpg,0.02923207200001343,False,False,False,False,False,False,False,False,False,False,False,False,False,False,False
643,/home/pi/sambashare/BacArbeit/randomized_iamges/643.jpg,0.029816084000003684,False,False,False,False,False,False,False,False,False,False,False,False,False,False,False
644,/home/pi/sambashare/BacArbeit/randomized_iamges/644.jpg,0.029290811000009853,False,False,False,False,False,False,False,False,False,False,False,False,False,False,False
645,/home/pi/sambashare/BacArbeit/randomized_iamges/645.jpg,0.02935971800002335,False,False,False,False,False,False,False,False,False,False,False,False,False,False,False
646,/home/pi/sambashare/BacArbeit/randomized_iamges/646.jpg,0.029373458999998547,False,False,False,False,False,False,False,False,False,False,False,False,False,False,False
647,/home/pi/sambashare/BacArbeit/randomized_iamges/647.jpg,0.02942379199998868,False,False,False,False,False,False,False,False,False,False,False,False,False,False,False
648,/home/pi/sambashare/BacArbeit/randomized_iamges/648.jpg,0.02944327299996985,False,False,False,False,False,False,False,False,False,False,False,False,False,False,False
649,/home/pi/sambashare/BacArbeit/randomized_iamges/649.jpg,0.02935038500004339,False,False,False,False,False,False,False,False,False,False,False,False,False,False,False
650,/home/pi/sambashare/BacArbeit/randomized_iamges/650.jpg,0.02948367999988477,False,False,False,False,False,False,False,False,False,False,False,False,False,False,False
651,/home/pi/sambashare/BacArbeit/randomized_iamges/651.jpg,0.029359255000144913,False,False,False,False,False,False,False,False,False,False,False,False,False,False,False
652,/home/pi/sambashare/BacArbeit/randomized_iamges/652.jpg,0.02945814299982885,False,False,False,False,False,False,False,False,False,False,False,False,False,False,False
653,/home/pi/sambashare/BacArbeit/randomized_iamges/653.jpg,0.029374495999945793,False,False,False,False,False,False,False,False,False,False,False,False,False,False,False
654,/home/pi/sambashare/BacArbeit/randomized_iamges/654.jpg,0.029714935999891168,False,False,False,False,False,False,False,False,False,False,False,False,False,False,False
655,/home/pi/sambashare/BacArbeit/randomized_iamges/655.jpg,0.02933906999987812,False,False,False,False,False,False,False,False,False,False,False,False,False,False,False
656,/home/pi/sambashare/BacArbeit/randomized_iamges/656.jpg,0.029344552000111435,False,False,False,False,False,False,False,False,False,False,False,False,False,False,False
657,/home/pi/sambashare/BacArbeit/randomized_iamges/657.jpg,0.02924022000001969,False,False,False,False,False,False,False,False,False,False,False,False,False,False,False
658,/home/pi/sambashare/BacArbeit/randomized_iamges/658.jpg,0.02927892200000315,False,False,False,False,False,False,False,False,False,False,False,False,False,False,False
659,/home/pi/sambashare/BacArbeit/randomized_iamges/659.jpg,0.029288052000083553,False,False,False,False,False,False,False,False,False,False,False,False,False,False,False
660,/home/pi/sambashare/BacArbeit/randomized_iamges/660.jpg,0.02940868100017724,False,False,False,False,False,False,False,False,False,False,False,False,False,False,False
661,/home/pi/sambashare/BacArbeit/randomized_iamges/661.jpg,0.02942225399988274,False,False,False,False,False,False,False,False,False,False,False,False,False,False,False
662,/home/pi/sambashare/BacArbeit/randomized_iamges/662.jpg,0.029473012999915227,False,False,False,False,False,False,False,False,False,False,False,False,False,False,False
663,/home/pi/sambashare/BacArbeit/randomized_iamges/663.jpg,0.029380124999988766,False,False,False,False,False,False,False,False,False,False,False,False,False,False,False
664,/home/pi/sambashare/BacArbeit/randomized_iamges/664.jpg,0.02980571299985968,False,False,False,False,False,False,False,False,False,False,False,False,False,False,False
665,/home/pi/sambashare/BacArbeit/randomized_iamges/665.jpg,0.029244570999935604,False,False,False,False,False,False,False,False,False,False,False,False,False,False,False
666,/home/pi/sambashare/BacArbeit/randomized_iamges/666.jpg,0.02939253300019118,False,False,False,False,False,False,False,False,False,False,False,False,False,False,False
667,/home/pi/sambashare/BacArbeit/randomized_iamges/667.jpg,0.029380309999851306,False,False,False,False,False,False,False,False,False,False,False,False,False,False,False
668,/home/pi/sambashare/BacArbeit/randomized_iamges/668.jpg,0.029436809000117137,False,False,False,False,False,False,False,False,False,False,False,False,False,False,False
669,/home/pi/sambashare/BacArbeit/randomized_iamges/669.jpg,0.029531568000038533,False,False,False,False,False,False,False,False,False,False,False,False,False,False,False
670,/home/pi/sambashare/BacArbeit/randomized_iamges/670.jpg,0.029521605000127238,False,False,False,False,False,False,False,False,False,False,False,False,False,False,False
671,/home/pi/sambashare/BacArbeit/randomized_iamges/671.jpg,0.029476236000164135,False,False,False,False,False,False,False,False,False,False,False,False,False,False,False
672,/home/pi/sambashare/BacArbeit/randomized_iamges/672.jpg,0.029480993999868588,False,False,False,False,False,False,False,False,False,False,False,False,False,False,False
673,/home/pi/sambashare/BacArbeit/randomized_iamges/673.jpg,0.029442792000054396,False,False,False,False,False,False,False,False,False,False,False,False,False,False,False
674,/home/pi/sambashare/BacArbeit/randomized_iamges/674.jpg,0.0294234210000468,False,False,False,False,False,False,False,False,False,False,False,False,False,False,False
675,/home/pi/sambashare/BacArbeit/randomized_iamges/675.jpg,0.02941295799996624,False,False,False,False,False,False,False,False,False,False,False,False,False,False,False
676,/home/pi/sambashare/BacArbeit/randomized_iamges/676.jpg,0.029300534000185507,False,False,False,False,False,False,False,False,False,False,False,False,False,False,False
677,/home/pi/sambashare/BacArbeit/randomized_iamges/677.jpg,0.02934021800001574,False,False,False,False,False,False,False,False,False,False,False,False,False,False,False
678,/home/pi/sambashare/BacArbeit/randomized_iamges/678.jpg,0.029341718999830846,False,False,False,False,False,False,False,False,False,False,False,False,False,False,False
679,/home/pi/sambashare/BacArbeit/randomized_iamges/679.jpg,0.029434680999884222,False,False,False,False,False,False,False,False,False,False,False,False,False,False,False
680,/home/pi/sambashare/BacArbeit/randomized_iamges/680.jpg,0.0294318100000055,False,False,False,False,False,False,False,False,False,False,False,False,False,False,False
681,/home/pi/sambashare/BacArbeit/randomized_iamges/681.jpg,0.029366643000003023,False,False,False,False,False,False,False,False,False,False,False,False,False,False,False
682,/home/pi/sambashare/BacArbeit/randomized_iamges/682.jpg,0.029377940999893326,False,False,False,False,False,False,False,False,False,False,False,False,False,False,False
683,/home/pi/sambashare/BacArbeit/randomized_iamges/683.jpg,0.029871267999851625,False,False,False,False,False,False,False,False,False,False,False,False,False,False,False
684,/home/pi/sambashare/BacArbeit/randomized_iamges/684.jpg,0.029251700000031633,False,False,False,False,False,False,False,False,False,False,False,False,False,False,False
685,/home/pi/sambashare/BacArbeit/randomized_iamges/685.jpg,0.02934234800000013,False,False,False,False,False,False,False,False,False,False,False,False,False,False,False
686,/home/pi/sambashare/BacArbeit/randomized_iamges/686.jpg,0.029301477999979397,False,False,False,False,False,False,False,False,False,False,False,False,False,False,False
687,/home/pi/sambashare/BacArbeit/randomized_iamges/687.jpg,0.02938847700011138,False,False,False,False,False,False,False,False,False,False,False,False,False,False,False
688,/home/pi/sambashare/BacArbeit/randomized_iamges/688.jpg,0.029253034000021216,False,False,False,False,False,False,False,False,False,False,False,False,False,False,False
689,/home/pi/sambashare/BacArbeit/randomized_iamges/689.jpg,0.029451401999949667,False,False,False,False,False,False,False,False,False,False,False,False,False,False,False
690,/home/pi/sambashare/BacArbeit/randomized_iamges/690.jpg,0.029446106000023065,False,False,False,False,False,False,False,False,False,False,False,False,False,False,False
691,/home/pi/sambashare/BacArbeit/randomized_iamges/691.jpg,0.029342680999889126,False,False,False,False,False,False,False,False,False,False,False,False,False,False,False
692,/home/pi/sambashare/BacArbeit/randomized_iamges/692.jpg,0.029390032999799587,False,False,False,False,False,False,False,False,False,False,False,False,False,False,False
693,/home/pi/sambashare/BacArbeit/randomized_iamges/693.jpg,0.02937599599999885,False,False,False,False,False,False,False,False,False,False,False,False,False,False,False
694,/home/pi/sambashare/BacArbeit/randomized_iamges/694.jpg,0.02954630899989752,False,False,False,False,False,False,False,False,False,False,False,False,False,False,False
695,/home/pi/sambashare/BacArbeit/randomized_iamges/695.jpg,0.029968915000154084,False,False,False,False,False,False,False,False,False,False,False,False,False,False,False
696,/home/pi/sambashare/BacArbeit/randomized_iamges/696.jpg,0.029342718000179957,False,False,False,False,False,False,False,False,False,False,False,False,False,False,False
697,/home/pi/sambashare/BacArbeit/randomized_iamges/697.jpg,0.029253294000000096,False,False,False,False,False,False,False,False,False,False,False,False,False,False,False
698,/home/pi/sambashare/BacArbeit/randomized_iamges/698.jpg,0.02942816200015841,False,False,False,False,False,False,False,False,False,False,False,False,False,False,False
699,/home/pi/sambashare/BacArbeit/randomized_iamges/699.jpg,0.02945908799983954,False,False,False,False,False,False,False,False,False,False,False,False,False,False,False
700,/home/pi/sambashare/BacArbeit/randomized_iamges/700.jpg,0.029477643000063836,False,False,False,False,False,False,False,False,False,False,False,False,False,False,False
701,/home/pi/sambashare/BacArbeit/randomized_iamges/701.jpg,0.029366236999976536,False,False,False,False,False,False,False,False,False,False,False,False,False,False,False
702,/home/pi/sambashare/BacArbeit/randomized_iamges/702.jpg,0.029362144000060653,False,False,False,False,False,False,False,False,False,False,False,False,False,False,False
703,/home/pi/sambashare/BacArbeit/randomized_iamges/703.jpg,0.029494419999991806,False,False,False,False,False,False,False,False,False,False,False,False,False,False,False
704,/home/pi/sambashare/BacArbeit/randomized_iamges/704.jpg,0.02930684900002234,False,False,False,False,False,False,False,False,False,False,False,False,False,False,False
705,/home/pi/sambashare/BacArbeit/randomized_iamges/705.jpg,0.02938592200007406,False,False,False,False,False,False,False,False,False,False,False,False,False,False,False
706,/home/pi/sambashare/BacArbeit/randomized_iamges/706.jpg,0.029258460000164632,False,False,False,False,False,False,False,False,False,False,False,False,False,False,False
707,/home/pi/sambashare/BacArbeit/randomized_iamges/707.jpg,0.02933542200003103,False,False,False,False,False,False,False,False,False,False,False,False,False,False,False
708,/home/pi/sambashare/BacArbeit/randomized_iamges/708.jpg,0.029418717999988075,False,False,False,False,False,False,False,False,False,False,False,False,False,False,False
709,/home/pi/sambashare/BacArbeit/randomized_iamges/709.jpg,0.029395088000001124,False,False,False,False,False,False,False,False,False,False,False,False,False,False,False
710,/home/pi/sambashare/BacArbeit/randomized_iamges/710.jpg,0.029482772000164914,False,False,False,False,False,False,False,False,False,False,False,False,False,False,False
711,/home/pi/sambashare/BacArbeit/randomized_iamges/711.jpg,0.029414550999945277,False,False,False,False,False,False,False,False,False,False,False,False,False,False,False
712,/home/pi/sambashare/BacArbeit/randomized_iamges/712.jpg,0.029920044999926176,False,False,False,False,False,False,False,False,False,False,False,False,False,False,False
713,/home/pi/sambashare/BacArbeit/randomized_iamges/713.jpg,0.029337014000020645,False,False,False,False,False,False,False,False,False,False,False,False,False,False,False
714,/home/pi/sambashare/BacArbeit/randomized_iamges/714.jpg,0.02948182800014365,False,False,False,False,False,False,False,False,False,False,False,False,False,False,False
715,/home/pi/sambashare/BacArbeit/randomized_iamges/715.jpg,0.02941832900000918,False,False,False,False,False,False,False,False,False,False,False,False,False,False,False
716,/home/pi/sambashare/BacArbeit/randomized_iamges/716.jpg,0.029420403000131046,False,False,False,False,False,False,False,False,False,False,False,False,False,False,False
717,/home/pi/sambashare/BacArbeit/randomized_iamges/717.jpg,0.029623697000033644,False,False,False,False,False,False,False,False,False,False,False,False,False,False,False
718,/home/pi/sambashare/BacArbeit/randomized_iamges/718.jpg,0.029342606999989584,False,False,False,False,False,False,False,False,False,False,False,False,False,False,False
719,/home/pi/sambashare/BacArbeit/randomized_iamges/719.jpg,0.0294519770000079,False,False,False,False,False,False,False,False,False,False,False,False,False,False,False
720,/home/pi/sambashare/BacArbeit/randomized_iamges/720.jpg,0.029826658000047246,False,False,False,False,False,False,False,False,False,False,False,False,False,False,False
721,/home/pi/sambashare/BacArbeit/randomized_iamges/721.jpg,0.02923327500002415,False,False,False,False,False,False,False,False,False,False,False,False,False,False,False
722,/home/pi/sambashare/BacArbeit/randomized_iamges/722.jpg,0.029373496000062005,False,False,False,False,False,False,False,False,False,False,False,False,False,False,False
723,/home/pi/sambashare/BacArbeit/randomized_iamges/723.jpg,0.029455753999855006,False,False,False,False,False,False,False,False,False,False,False,False,False,False,False
724,/home/pi/sambashare/BacArbeit/randomized_iamges/724.jpg,0.029382699000052526,False,False,False,False,False,False,False,False,False,False,False,False,False,False,False
725,/home/pi/sambashare/BacArbeit/randomized_iamges/725.jpg,0.029476383999963218,False,False,False,False,False,False,False,False,False,False,False,False,False,False,False
726,/home/pi/sambashare/BacArbeit/randomized_iamges/726.jpg,0.029383663000089655,False,False,False,False,False,False,False,False,False,False,False,False,False,False,False
727,/home/pi/sambashare/BacArbeit/randomized_iamges/727.jpg,0.029306089999863616,False,False,False,False,False,False,False,False,False,False,False,False,False,False,False
728,/home/pi/sambashare/BacArbeit/randomized_iamges/728.jpg,0.029363052000007883,False,False,False,False,False,False,False,False,False,False,False,False,False,False,False
729,/home/pi/sambashare/BacArbeit/randomized_iamges/729.jpg,0.029404624999870066,False,False,False,False,False,False,False,False,False,False,False,False,False,False,False
730,/home/pi/sambashare/BacArbeit/randomized_iamges/730.jpg,0.029329570000072636,False,False,False,False,False,False,False,False,False,False,False,False,False,False,False
731,/home/pi/sambashare/BacArbeit/randomized_iamges/731.jpg,0.02931738500001302,False,False,False,False,False,False,False,False,False,False,False,False,False,False,False
732,/home/pi/sambashare/BacArbeit/randomized_iamges/732.jpg,0.02940442100020846,False,False,False,False,False,False,False,False,False,False,False,False,False,False,False
733,/home/pi/sambashare/BacArbeit/randomized_iamges/733.jpg,0.029411662000029537,False,False,False,False,False,False,False,False,False,False,False,False,False,False,False
734,/home/pi/sambashare/BacArbeit/randomized_iamges/734.jpg,0.029304219000096055,False,False,False,False,False,False,False,False,False,False,False,False,False,False,False
735,/home/pi/sambashare/BacArbeit/randomized_iamges/735.jpg,0.029361383999912505,False,False,False,False,False,False,False,False,False,False,False,False,False,False,False
736,/home/pi/sambashare/BacArbeit/randomized_iamges/736.jpg,0.029393069999969157,False,False,False,False,False,False,False,False,False,False,False,False,False,False,False
737,/home/pi/sambashare/BacArbeit/randomized_iamges/737.jpg,0.029312496000102328,False,False,False,False,False,False,False,False,False,False,False,False,False,False,False
738,/home/pi/sambashare/BacArbeit/randomized_iamges/738.jpg,0.029238422999924296,False,False,False,False,False,False,False,False,False,False,False,False,False,False,False
739,/home/pi/sambashare/BacArbeit/randomized_iamges/739.jpg,0.029258570999900257,False,False,False,False,False,False,False,False,False,False,False,False,False,False,False
740,/home/pi/sambashare/BacArbeit/randomized_iamges/740.jpg,0.029278051999881427,False,False,False,False,False,False,False,False,False,False,False,False,False,False,False
741,/home/pi/sambashare/BacArbeit/randomized_iamges/741.jpg,0.029525327999863293,False,False,False,False,False,False,False,False,False,False,False,False,False,False,False
742,/home/pi/sambashare/BacArbeit/randomized_iamges/742.jpg,0.02927977399986048,False,False,False,False,False,False,False,False,False,False,False,False,False,False,False
743,/home/pi/sambashare/BacArbeit/randomized_iamges/743.jpg,0.02931258900002831,False,False,False,False,False,False,False,False,False,False,False,False,False,False,False
744,/home/pi/sambashare/BacArbeit/randomized_iamges/744.jpg,0.02957990099980634,False,False,False,False,False,False,False,False,False,False,False,False,False,False,False
745,/home/pi/sambashare/BacArbeit/randomized_iamges/745.jpg,0.02954747499984478,False,False,False,False,False,False,False,False,False,False,False,False,False,False,False
746,/home/pi/sambashare/BacArbeit/randomized_iamges/746.jpg,0.029333163000046625,False,False,False,False,False,False,False,False,False,False,False,False,False,False,False
747,/home/pi/sambashare/BacArbeit/randomized_iamges/747.jpg,0.02936558899978081,False,False,False,False,False,False,False,False,False,False,False,False,False,False,False
748,/home/pi/sambashare/BacArbeit/randomized_iamges/748.jpg,0.029408791999912864,False,False,False,False,False,False,False,False,False,False,False,False,False,False,False
749,/home/pi/sambashare/BacArbeit/randomized_iamges/749.jpg,0.029397662999826935,False,False,False,False,False,False,False,False,False,False,False,False,False,False,False
750,/home/pi/sambashare/BacArbeit/randomized_iamges/750.jpg,0.02951101300004666,False,False,False,False,False,False,False,False,False,False,False,False,False,False,False
751,/home/pi/sambashare/BacArbeit/randomized_iamges/751.jpg,0.029389625999783675,False,False,False,False,False,False,False,False,False,False,False,False,False,False,False
752,/home/pi/sambashare/BacArbeit/randomized_iamges/752.jpg,0.029405477000182145,False,False,False,False,False,False,False,False,False,False,False,False,False,False,False
753,/home/pi/sambashare/BacArbeit/randomized_iamges/753.jpg,0.029222108999874763,False,False,False,False,False,False,False,False,False,False,False,False,False,False,False
754,/home/pi/sambashare/BacArbeit/randomized_iamges/754.jpg,0.029372940000030212,False,False,False,False,False,False,False,False,False,False,False,False,False,False,False
755,/home/pi/sambashare/BacArbeit/randomized_iamges/755.jpg,0.029272107999986474,False,False,False,False,False,False,False,False,False,False,False,False,False,False,False
756,/home/pi/sambashare/BacArbeit/randomized_iamges/756.jpg,0.029391846999942572,False,False,False,False,False,False,False,False,False,False,False,False,False,False,False
757,/home/pi/sambashare/BacArbeit/randomized_iamges/757.jpg,0.029609327000116537,False,False,False,False,False,False,False,False,False,False,False,False,False,False,False
758,/home/pi/sambashare/BacArbeit/randomized_iamges/758.jpg,0.029432679999899847,False,False,False,False,False,False,False,False,False,False,False,False,False,False,False
759,/home/pi/sambashare/BacArbeit/randomized_iamges/759.jpg,0.029652288999841403,False,False,False,False,False,False,False,False,False,False,False,False,False,False,False
760,/home/pi/sambashare/BacArbeit/randomized_iamges/760.jpg,0.029272162999859574,False,False,False,False,False,False,False,False,False,False,False,False,False,False,False
761,/home/pi/sambashare/BacArbeit/randomized_iamges/761.jpg,0.029388939999989816,False,False,False,False,False,False,False,False,False,False,False,False,False,False,False
762,/home/pi/sambashare/BacArbeit/randomized_iamges/762.jpg,0.029377791999877445,False,False,False,False,False,False,False,False,False,False,False,False,False,False,False
763,/home/pi/sambashare/BacArbeit/randomized_iamges/763.jpg,0.029467235999845798,False,False,False,False,False,False,False,False,False,False,False,False,False,False,False
764,/home/pi/sambashare/BacArbeit/randomized_iamges/764.jpg,0.029563864000010653,False,False,False,False,False,False,False,False,False,False,False,False,False,False,False
765,/home/pi/sambashare/BacArbeit/randomized_iamges/765.jpg,0.02995015700003023,False,False,False,False,False,False,False,False,False,False,False,False,False,False,False
766,/home/pi/sambashare/BacArbeit/randomized_iamges/766.jpg,0.029361236000113422,False,False,False,False,False,False,False,False,False,False,False,False,False,False,False
767,/home/pi/sambashare/BacArbeit/randomized_iamges/767.jpg,0.029483308999942892,False,False,False,False,False,False,False,False,False,False,False,False,False,False,False
768,/home/pi/sambashare/BacArbeit/randomized_iamges/768.jpg,0.029376274000014746,False,False,False,False,False,False,False,False,False,False,False,False,False,False,False
769,/home/pi/sambashare/BacArbeit/randomized_iamges/769.jpg,0.029447068999843395,False,False,False,False,False,False,False,False,False,False,False,False,False,False,False
770,/home/pi/sambashare/BacArbeit/randomized_iamges/770.jpg,0.029307775000006586,False,False,False,False,False,False,False,False,False,False,False,False,False,False,False
771,/home/pi/sambashare/BacArbeit/randomized_iamges/771.jpg,0.0293711809999877,False,False,False,False,False,False,False,False,False,False,False,False,False,False,False
772,/home/pi/sambashare/BacArbeit/randomized_iamges/772.jpg,0.02986913899985666,False,False,False,False,False,False,False,False,False,False,False,False,False,False,False
773,/home/pi/sambashare/BacArbeit/randomized_iamges/773.jpg,0.029292052000073454,False,False,False,False,False,False,False,False,False,False,False,False,False,False,False
774,/home/pi/sambashare/BacArbeit/randomized_iamges/774.jpg,0.02955451200000425,False,False,False,False,False,False,False,False,False,False,False,False,False,False,False
775,/home/pi/sambashare/BacArbeit/randomized_iamges/775.jpg,0.029418496000062078,False,False,False,False,False,False,False,False,False,False,False,False,False,False,False
776,/home/pi/sambashare/BacArbeit/randomized_iamges/776.jpg,0.02949171699992803,False,False,False,False,False,False,False,False,False,False,False,False,False,False,False
777,/home/pi/sambashare/BacArbeit/randomized_iamges/777.jpg,0.02946799500000452,False,False,False,False,False,False,False,False,False,False,False,False,False,False,False
778,/home/pi/sambashare/BacArbeit/randomized_iamges/778.jpg,0.029336348000015278,False,False,False,False,False,False,False,False,False,False,False,False,False,False,False
779,/home/pi/sambashare/BacArbeit/randomized_iamges/779.jpg,0.02942147599992495,False,False,False,False,False,False,False,False,False,False,False,False,False,False,False
780,/home/pi/sambashare/BacArbeit/randomized_iamges/780.jpg,0.029339681000010387,False,False,False,False,False,False,False,False,False,False,False,False,False,False,False
781,/home/pi/sambashare/BacArbeit/randomized_iamges/781.jpg,0.029379533000110314,False,False,False,False,False,False,False,False,False,False,False,False,False,False,False
782,/home/pi/sambashare/BacArbeit/randomized_iamges/782.jpg,0.029256718999931763,False,False,False,False,False,False,False,False,False,False,False,False,False,False,False
783,/home/pi/sambashare/BacArbeit/randomized_iamges/783.jpg,0.029400440000017625,False,False,False,False,False,False,False,False,False,False,False,False,False,False,False
784,/home/pi/sambashare/BacArbeit/randomized_iamges/784.jpg,0.029636844999913592,False,False,False,False,False,False,False,False,False,False,False,False,False,False,False
785,/home/pi/sambashare/BacArbeit/randomized_iamges/785.jpg,0.02937599599999885,False,False,False,False,False,False,False,False,False,False,False,False,False,False,False
786,/home/pi/sambashare/BacArbeit/randomized_iamges/786.jpg,0.029332588999977816,False,False,False,False,False,False,False,False,False,False,False,False,False,False,False
787,/home/pi/sambashare/BacArbeit/randomized_iamges/787.jpg,0.0295207719998416,False,False,False,False,False,False,False,False,False,False,False,False,False,False,False
788,/home/pi/sambashare/BacArbeit/randomized_iamges/788.jpg,0.029297144999873126,False,False,False,False,False,False,False,False,False,False,False,False,False,False,False
789,/home/pi/sambashare/BacArbeit/randomized_iamges/789.jpg,0.029903915999966557,False,False,False,False,False,False,False,False,False,False,False,False,False,False,False
790,/home/pi/sambashare/BacArbeit/randomized_iamges/790.jpg,0.02943756900003791,False,False,False,False,False,False,False,False,False,False,False,False,False,False,False
791,/home/pi/sambashare/BacArbeit/randomized_iamges/791.jpg,0.029325275000019246,False,False,False,False,False,False,False,False,False,False,False,False,False,False,False
792,/home/pi/sambashare/BacArbeit/randomized_iamges/792.jpg,0.029390292000016416,False,False,False,False,False,False,False,False,False,False,False,False,False,False,False
793,/home/pi/sambashare/BacArbeit/randomized_iamges/793.jpg,0.02934803399989505,False,False,False,False,False,False,False,False,False,False,False,False,False,False,False
794,/home/pi/sambashare/BacArbeit/randomized_iamges/794.jpg,0.029339423000010356,False,False,False,False,False,False,False,False,False,False,False,False,False,False,False
795,/home/pi/sambashare/BacArbeit/randomized_iamges/795.jpg,0.02978643500000544,False,False,False,False,False,False,False,False,False,False,False,False,False,False,False
796,/home/pi/sambashare/BacArbeit/randomized_iamges/796.jpg,0.0295770679999805,False,False,False,False,False,False,False,False,False,False,False,False,False,False,False
797,/home/pi/sambashare/BacArbeit/randomized_iamges/797.jpg,0.029196016000014424,False,False,False,False,False,False,False,False,False,False,False,False,False,False,False
798,/home/pi/sambashare/BacArbeit/randomized_iamges/798.jpg,0.02943860699997458,False,False,False,False,False,False,False,False,False,False,False,False,False,False,False
799,/home/pi/sambashare/BacArbeit/randomized_iamges/799.jpg,0.029358959000092,False,False,False,False,False,False,False,False,False,False,False,False,False,False,False
800,/home/pi/sambashare/BacArbeit/randomized_iamges/800.jpg,0.02933882899992568,False,False,False,False,False,False,False,False,False,False,False,False,False,False,False
801,/home/pi/sambashare/BacArbeit/randomized_iamges/801.jpg,0.029475901999830967,False,False,False,False,False,False,False,False,False,False,False,False,False,False,False
802,/home/pi/sambashare/BacArbeit/randomized_iamges/802.jpg,0.02929738600005294,False,False,False,False,False,False,False,False,False,False,False,False,False,False,False
803,/home/pi/sambashare/BacArbeit/randomized_iamges/803.jpg,0.02948792099982711,False,False,False,False,False,False,False,False,False,False,False,False,False,False,False
804,/home/pi/sambashare/BacArbeit/randomized_iamges/804.jpg,0.02934470000013789,False,False,False,False,False,False,False,False,False,False,False,False,False,False,False
805,/home/pi/sambashare/BacArbeit/randomized_iamges/805.jpg,0.029358995999928084,False,False,False,False,False,False,False,False,False,False,False,False,False,False,False
806,/home/pi/sambashare/BacArbeit/randomized_iamges/806.jpg,0.029440161999900738,False,False,False,False,False,False,False,False,False,False,False,False,False,False,False
807,/home/pi/sambashare/BacArbeit/randomized_iamges/807.jpg,0.02939660700008062,False,False,False,False,False,False,False,False,False,False,False,False,False,False,False
808,/home/pi/sambashare/BacArbeit/randomized_iamges/808.jpg,0.029338903999814647,False,False,False,False,False,False,False,False,False,False,False,False,False,False,False
809,/home/pi/sambashare/BacArbeit/randomized_iamges/809.jpg,0.029791768999984924,False,False,False,False,False,False,False,False,False,False,False,False,False,False,False
810,/home/pi/sambashare/BacArbeit/randomized_iamges/810.jpg,0.02968578900004104,False,False,False,False,False,False,False,False,False,False,False,False,False,False,False
811,/home/pi/sambashare/BacArbeit/randomized_iamges/811.jpg,0.029337884999904418,False,False,False,False,False,False,False,False,False,False,False,False,False,False,False
812,/home/pi/sambashare/BacArbeit/randomized_iamges/812.jpg,0.029328588999987915,False,False,False,False,False,False,False,False,False,False,False,False,False,False,False
813,/home/pi/sambashare/BacArbeit/randomized_iamges/813.jpg,0.029439458000069862,False,False,False,False,False,False,False,False,False,False,False,False,False,False,False
814,/home/pi/sambashare/BacArbeit/randomized_iamges/814.jpg,0.0293352189999041,False,False,False,False,False,False,False,False,False,False,False,False,False,False,False
815,/home/pi/sambashare/BacArbeit/randomized_iamges/815.jpg,0.029514975999973103,False,False,False,False,False,False,False,False,False,False,False,False,False,False,False
816,/home/pi/sambashare/BacArbeit/randomized_iamges/816.jpg,0.029243534999977783,False,False,False,False,False,False,False,False,False,False,False,False,False,False,False
817,/home/pi/sambashare/BacArbeit/randomized_iamges/817.jpg,0.029300773999921148,False,False,False,False,False,False,False,False,False,False,False,False,False,False,False
818,/home/pi/sambashare/BacArbeit/randomized_iamges/818.jpg,0.029391626000006,False,False,False,False,False,False,False,False,False,False,False,False,False,False,False
819,/home/pi/sambashare/BacArbeit/randomized_iamges/819.jpg,0.029264811999837548,False,False,False,False,False,False,False,False,False,False,False,False,False,False,False
820,/home/pi/sambashare/BacArbeit/randomized_iamges/820.jpg,0.029447236000123667,False,False,False,False,False,False,False,False,False,False,False,False,False,False,False
821,/home/pi/sambashare/BacArbeit/randomized_iamges/821.jpg,0.029385921999846687,False,False,False,False,False,False,False,False,False,False,False,False,False,False,False
822,/home/pi/sambashare/BacArbeit/randomized_iamges/822.jpg,0.029406013999960123,False,False,False,False,False,False,False,False,False,False,False,False,False,False,False
823,/home/pi/sambashare/BacArbeit/randomized_iamges/823.jpg,0.029419032999840056,False,False,False,False,False,False,False,False,False,False,False,False,False,False,False
824,/home/pi/sambashare/BacArbeit/randomized_iamges/824.jpg,0.029226274999928137,False,False,False,False,False,False,False,False,False,False,False,False,False,False,False
825,/home/pi/sambashare/BacArbeit/randomized_iamges/825.jpg,0.029132535999906395,False,False,False,False,False,False,False,False,False,False,False,False,False,False,False
826,/home/pi/sambashare/BacArbeit/randomized_iamges/826.jpg,0.029230311999981495,False,False,False,False,False,False,False,False,False,False,False,False,False,False,False
827,/home/pi/sambashare/BacArbeit/randomized_iamges/827.jpg,0.029455939999934344,False,False,False,False,False,False,False,False,False,False,False,False,False,False,False
828,/home/pi/sambashare/BacArbeit/randomized_iamges/828.jpg,0.029308923000144205,False,False,False,False,False,False,False,False,False,False,False,False,False,False,False
829,/home/pi/sambashare/BacArbeit/randomized_iamges/829.jpg,0.02968503000010969,False,False,False,False,False,False,False,False,False,False,False,False,False,False,False
830,/home/pi/sambashare/BacArbeit/randomized_iamges/830.jpg,0.029168348999974114,False,False,False,False,False,False,False,False,False,False,False,False,False,False,False
831,/home/pi/sambashare/BacArbeit/randomized_iamges/831.jpg,0.029418162000183656,False,False,False,False,False,False,False,False,False,False,False,False,False,False,False
832,/home/pi/sambashare/BacArbeit/randomized_iamges/832.jpg,0.029564531000005445,False,False,False,False,False,False,False,False,False,False,False,False,False,False,False
833,/home/pi/sambashare/BacArbeit/randomized_iamges/833.jpg,0.029586808999965797,False,False,False,False,False,False,False,False,False,False,False,False,False,False,False
834,/home/pi/sambashare/BacArbeit/randomized_iamges/834.jpg,0.02940399600015553,False,False,False,False,False,False,False,False,False,False,False,False,False,False,False
835,/home/pi/sambashare/BacArbeit/randomized_iamges/835.jpg,0.02926386699982686,False,False,False,False,False,False,False,False,False,False,False,False,False,False,False
836,/home/pi/sambashare/BacArbeit/randomized_iamges/836.jpg,0.029339755999899353,False,False,False,False,False,False,False,False,False,False,False,False,False,False,False
837,/home/pi/sambashare/BacArbeit/randomized_iamges/837.jpg,0.029412550999950327,False,False,False,False,False,False,False,False,False,False,False,False,False,False,False
838,/home/pi/sambashare/BacArbeit/randomized_iamges/838.jpg,0.02954136399989693,False,False,False,False,False,False,False,False,False,False,False,False,False,False,False
839,/home/pi/sambashare/BacArbeit/randomized_iamges/839.jpg,0.02939895899999101,False,False,False,False,False,False,False,False,False,False,False,False,False,False,False
840,/home/pi/sambashare/BacArbeit/randomized_iamges/840.jpg,0.029276978999860148,False,False,False,False,False,False,False,False,False,False,False,False,False,False,False
841,/home/pi/sambashare/BacArbeit/randomized_iamges/841.jpg,0.029379587999983414,False,False,False,False,False,False,False,False,False,False,False,False,False,False,False
842,/home/pi/sambashare/BacArbeit/randomized_iamges/842.jpg,0.02932114400005048,False,False,False,False,False,False,False,False,False,False,False,False,False,False,False
843,/home/pi/sambashare/BacArbeit/randomized_iamges/843.jpg,0.029307236999784436,False,False,False,False,False,False,False,False,False,False,False,False,False,False,False
844,/home/pi/sambashare/BacArbeit/randomized_iamges/844.jpg,0.02923720100011451,False,False,False,False,False,False,False,False,False,False,False,False,False,False,False
845,/home/pi/sambashare/BacArbeit/randomized_iamges/845.jpg,0.02943632799997431,False,False,False,False,False,False,False,False,False,False,False,False,False,False,False
846,/home/pi/sambashare/BacArbeit/randomized_iamges/846.jpg,0.029394311000032758,False,False,False,False,False,False,False,False,False,False,False,False,False,False,False
847,/home/pi/sambashare/BacArbeit/randomized_iamges/847.jpg,0.02933244099995136,False,False,False,False,False,False,False,False,False,False,False,False,False,False,False
848,/home/pi/sambashare/BacArbeit/randomized_iamges/848.jpg,0.029302756000106456,False,False,False,False,False,False,False,False,False,False,False,False,False,False,False
849,/home/pi/sambashare/BacArbeit/randomized_iamges/849.jpg,0.0294563099998868,False,False,False,False,False,False,False,False,False,False,False,False,False,False,False
850,/home/pi/sambashare/BacArbeit/randomized_iamges/850.jpg,0.029428253999867593,False,False,False,False,False,False,False,False,False,False,False,False,False,False,False
851,/home/pi/sambashare/BacArbeit/randomized_iamges/851.jpg,0.02930016400000568,False,False,False,False,False,False,False,False,False,False,False,False,False,False,False
852,/home/pi/sambashare/BacArbeit/randomized_iamges/852.jpg,0.029341995999857318,False,False,False,False,False,False,False,False,False,False,False,False,False,False,False
853,/home/pi/sambashare/BacArbeit/randomized_iamges/853.jpg,0.029206053000052634,False,False,False,False,False,False,False,False,False,False,False,False,False,False,False
854,/home/pi/sambashare/BacArbeit/randomized_iamges/854.jpg,0.029218109000112236,False,False,False,False,False,False,False,False,False,False,False,False,False,False,False
855,/home/pi/sambashare/BacArbeit/randomized_iamges/855.jpg,0.029378254999983255,False,False,False,False,False,False,False,False,False,False,False,False,False,False,False
856,/home/pi/sambashare/BacArbeit/randomized_iamges/856.jpg,0.029407162999859793,False,False,False,False,False,False,False,False,False,False,False,False,False,False,False
857,/home/pi/sambashare/BacArbeit/randomized_iamges/857.jpg,0.02937499600011506,False,False,False,False,False,False,False,False,False,False,False,False,False,False,False
858,/home/pi/sambashare/BacArbeit/randomized_iamges/858.jpg,0.029709547999800634,False,False,False,False,False,False,False,False,False,False,False,False,False,False,False
859,/home/pi/sambashare/BacArbeit/randomized_iamges/859.jpg,0.029370959000061703,False,False,False,False,False,False,False,False,False,False,False,False,False,False,False
860,/home/pi/sambashare/BacArbeit/randomized_iamges/860.jpg,0.029438827999911155,False,False,False,False,False,False,False,False,False,False,False,False,False,False,False
861,/home/pi/sambashare/BacArbeit/randomized_iamges/861.jpg,0.029340515000058076,False,False,False,False,False,False,False,False,False,False,False,False,False,False,False
862,/home/pi/sambashare/BacArbeit/randomized_iamges/862.jpg,0.0293231629998445,False,False,False,False,False,False,False,False,False,False,False,False,False,False,False
863,/home/pi/sambashare/BacArbeit/randomized_iamges/863.jpg,0.029471606000015527,False,False,False,False,False,False,False,False,False,False,False,False,False,False,False
864,/home/pi/sambashare/BacArbeit/randomized_iamges/864.jpg,0.0290824999999586,False,False,False,False,False,False,False,False,False,False,False,False,False,False,False
865,/home/pi/sambashare/BacArbeit/randomized_iamges/865.jpg,0.02947569899993141,False,False,False,False,False,False,False,False,False,False,False,False,False,False,False
866,/home/pi/sambashare/BacArbeit/randomized_iamges/866.jpg,0.029435754000132874,False,False,False,False,False,False,False,False,False,False,False,False,False,False,False
867,/home/pi/sambashare/BacArbeit/randomized_iamges/867.jpg,0.029315256000018053,False,False,False,False,False,False,False,False,False,False,False,False,False,False,False
868,/home/pi/sambashare/BacArbeit/randomized_iamges/868.jpg,0.029302089999873715,False,False,False,False,False,False,False,False,False,False,False,False,False,False,False
869,/home/pi/sambashare/BacArbeit/randomized_iamges/869.jpg,0.029357829999980822,False,False,False,False,False,False,False,False,False,False,False,False,False,False,False
870,/home/pi/sambashare/BacArbeit/randomized_iamges/870.jpg,0.029415477000156898,False,False,False,False,False,False,False,False,False,False,False,False,False,False,False
871,/home/pi/sambashare/BacArbeit/randomized_iamges/871.jpg,0.029277477999812618,False,False,False,False,False,False,False,False,False,False,False,False,False,False,False
872,/home/pi/sambashare/BacArbeit/randomized_iamges/872.jpg,0.02939858800004913,False,False,False,False,False,False,False,False,False,False,False,False,False,False,False
873,/home/pi/sambashare/BacArbeit/randomized_iamges/873.jpg,0.02929116400014209,False,False,False,False,False,False,False,False,False,False,False,False,False,False,False
874,/home/pi/sambashare/BacArbeit/randomized_iamges/874.jpg,0.02935727399994903,False,False,False,False,False,False,False,False,False,False,False,False,False,False,False
875,/home/pi/sambashare/BacArbeit/randomized_iamges/875.jpg,0.0293888659998629,False,False,False,False,False,False,False,False,False,False,False,False,False,False,False
876,/home/pi/sambashare/BacArbeit/randomized_iamges/876.jpg,0.029302125999947748,False,False,False,False,False,False,False,False,False,False,False,False,False,False,False
877,/home/pi/sambashare/BacArbeit/randomized_iamges/877.jpg,0.029105091000019456,False,False,False,False,False,False,False,False,False,False,False,False,False,False,False
878,/home/pi/sambashare/BacArbeit/randomized_iamges/878.jpg,0.029349328999842328,False,False,False,False,False,False,False,False,False,False,False,False,False,False,False
879,/home/pi/sambashare/BacArbeit/randomized_iamges/879.jpg,0.029375569999956497,False,False,False,False,False,False,False,False,False,False,False,False,False,False,False
880,/home/pi/sambashare/BacArbeit/randomized_iamges/880.jpg,0.029226423999944018,False,False,False,False,False,False,False,False,False,False,False,False,False,False,False
881,/home/pi/sambashare/BacArbeit/randomized_iamges/881.jpg,0.02941614299993489,False,False,False,False,False,False,False,False,False,False,False,False,False,False,False
882,/home/pi/sambashare/BacArbeit/randomized_iamges/882.jpg,0.029365717999780827,False,False,False,False,False,False,False,False,False,False,False,False,False,False,False
883,/home/pi/sambashare/BacArbeit/randomized_iamges/883.jpg,0.029348310999921523,False,False,False,False,False,False,False,False,False,False,False,False,False,False,False
884,/home/pi/sambashare/BacArbeit/randomized_iamges/884.jpg,0.02941455100017265,False,False,False,False,False,False,False,False,False,False,False,False,False,False,False
885,/home/pi/sambashare/BacArbeit/randomized_iamges/885.jpg,0.029248293999899033,False,False,False,False,False,False,False,False,False,False,False,False,False,False,False
886,/home/pi/sambashare/BacArbeit/randomized_iamges/886.jpg,0.02929092300018965,False,False,False,False,False,False,False,False,False,False,False,False,False,False,False
887,/home/pi/sambashare/BacArbeit/randomized_iamges/887.jpg,0.029376921999983097,False,False,False,False,False,False,False,False,False,False,False,False,False,False,False
888,/home/pi/sambashare/BacArbeit/randomized_iamges/888.jpg,0.029325366999955804,False,False,False,False,False,False,False,False,False,False,False,False,False,False,False
889,/home/pi/sambashare/BacArbeit/randomized_iamges/889.jpg,0.029308403999948496,False,False,False,False,False,False,False,False,False,False,False,False,False,False,False
890,/home/pi/sambashare/BacArbeit/randomized_iamges/890.jpg,0.029296867000084603,False,False,False,False,False,False,False,False,False,False,False,False,False,False,False
891,/home/pi/sambashare/BacArbeit/randomized_iamges/891.jpg,0.029315181999891138,False,False,False,False,False,False,False,False,False,False,False,False,False,False,False
892,/home/pi/sambashare/BacArbeit/randomized_iamges/892.jpg,0.029420939999909024,False,False,False,False,False,False,False,False,False,False,False,False,False,False,False
893,/home/pi/sambashare/BacArbeit/randomized_iamges/893.jpg,0.029339681000010387,False,False,False,False,False,False,False,False,False,False,False,False,False,False,False
894,/home/pi/sambashare/BacArbeit/randomized_iamges/894.jpg,0.029321182000103363,False,False,False,False,False,False,False,False,False,False,False,False,False,False,False
895,/home/pi/sambashare/BacArbeit/randomized_iamges/895.jpg,0.029253404999963095,False,False,False,False,False,False,False,False,False,False,False,False,False,False,False
896,/home/pi/sambashare/BacArbeit/randomized_iamges/896.jpg,0.029286090000141485,False,False,False,False,False,False,False,False,False,False,False,False,False,False,False
897,/home/pi/sambashare/BacArbeit/randomized_iamges/897.jpg,0.029423327999893445,False,False,False,False,False,False,False,False,False,False,False,False,False,False,False
898,/home/pi/sambashare/BacArbeit/randomized_iamges/898.jpg,0.02928818199984562,False,False,False,False,False,False,False,False,False,False,False,False,False,False,False
899,/home/pi/sambashare/BacArbeit/randomized_iamges/899.jpg,0.02923588699991342,False,False,False,False,False,False,False,False,False,False,False,False,False,False,False
900,/home/pi/sambashare/BacArbeit/randomized_iamges/900.jpg,0.029284331000098973,False,False,False,False,False,False,False,False,False,False,False,False,False,False,False
901,/home/pi/sambashare/BacArbeit/randomized_iamges/901.jpg,0.029199904999813953,False,False,False,False,False,False,False,False,False,False,False,False,False,False,False
902,/home/pi/sambashare/BacArbeit/randomized_iamges/902.jpg,0.029349737000075038,False,False,False,False,False,False,False,False,False,False,False,False,False,False,False
903,/home/pi/sambashare/BacArbeit/randomized_iamges/903.jpg,0.029491327999949135,False,False,False,False,False,False,False,False,False,False,False,False,False,False,False
904,/home/pi/sambashare/BacArbeit/randomized_iamges/904.jpg,0.029200812999988557,False,False,False,False,False,False,False,False,False,False,False,False,False,False,False
905,/home/pi/sambashare/BacArbeit/randomized_iamges/905.jpg,0.029431494999926144,False,False,False,False,False,False,False,False,False,False,False,False,False,False,False
906,/home/pi/sambashare/BacArbeit/randomized_iamges/906.jpg,0.029543216000092798,False,False,False,False,False,False,False,False,False,False,False,False,False,False,False
907,/home/pi/sambashare/BacArbeit/randomized_iamges/907.jpg,0.02936327399993388,False,False,False,False,False,False,False,False,False,False,False,False,False,False,False
908,/home/pi/sambashare/BacArbeit/randomized_iamges/908.jpg,0.029250941999862334,False,False,False,False,False,False,False,False,False,False,False,False,False,False,False
909,/home/pi/sambashare/BacArbeit/randomized_iamges/909.jpg,0.02934458899994752,False,False,False,False,False,False,False,False,False,False,False,False,False,False,False
910,/home/pi/sambashare/BacArbeit/randomized_iamges/910.jpg,0.029282884999929593,False,False,False,False,False,False,False,False,False,False,False,False,False,False,False
911,/home/pi/sambashare/BacArbeit/randomized_iamges/911.jpg,0.02930873800005429,False,False,False,False,False,False,False,False,False,False,False,False,False,False,False
912,/home/pi/sambashare/BacArbeit/randomized_iamges/912.jpg,0.029222312999991118,False,False,False,False,False,False,False,False,False,False,False,False,False,False,False
913,/home/pi/sambashare/BacArbeit/randomized_iamges/913.jpg,0.02948358699995879,False,False,False,False,False,False,False,False,False,False,False,False,False,False,False
914,/home/pi/sambashare/BacArbeit/randomized_iamges/914.jpg,0.029407699000103094,False,False,False,False,False,False,False,False,False,False,False,False,False,False,False
915,/home/pi/sambashare/BacArbeit/randomized_iamges/915.jpg,0.029192702000045756,False,False,False,False,False,False,False,False,False,False,False,False,False,False,False
916,/home/pi/sambashare/BacArbeit/randomized_iamges/916.jpg,0.029246478000004572,False,False,False,False,False,False,False,False,False,False,False,False,False,False,False
917,/home/pi/sambashare/BacArbeit/randomized_iamges/917.jpg,0.0294730130001426,False,False,False,False,False,False,False,False,False,False,False,False,False,False,False
918,/home/pi/sambashare/BacArbeit/randomized_iamges/918.jpg,0.02939753199984807,False,False,False,False,False,False,False,False,False,False,False,False,False,False,False
919,/home/pi/sambashare/BacArbeit/randomized_iamges/919.jpg,0.029280792999998084,False,False,False,False,False,False,False,False,False,False,False,False,False,False,False
920,/home/pi/sambashare/BacArbeit/randomized_iamges/920.jpg,0.029346569999916028,False,False,False,False,False,False,False,False,False,False,False,False,False,False,False
921,/home/pi/sambashare/BacArbeit/randomized_iamges/921.jpg,0.02931436699986989,False,False,False,False,False,False,False,False,False,False,False,False,False,False,False
922,/home/pi/sambashare/BacArbeit/randomized_iamges/922.jpg,0.02938473700010036,False,False,False,False,False,False,False,False,False,False,False,False,False,False,False
923,/home/pi/sambashare/BacArbeit/randomized_iamges/923.jpg,0.029371626000056494,False,False,False,False,False,False,False,False,False,False,False,False,False,False,False
924,/home/pi/sambashare/BacArbeit/randomized_iamges/924.jpg,0.029451939999944443,False,False,False,False,False,False,False,False,False,False,False,False,False,False,False
925,/home/pi/sambashare/BacArbeit/randomized_iamges/925.jpg,0.029434199000206718,False,False,False,False,False,False,False,False,False,False,False,False,False,False,False
926,/home/pi/sambashare/BacArbeit/randomized_iamges/926.jpg,0.02931831199998669,False,False,False,False,False,False,False,False,False,False,False,False,False,False,False
927,/home/pi/sambashare/BacArbeit/randomized_iamges/927.jpg,0.029433088000132557,False,False,False,False,False,False,False,False,False,False,False,False,False,False,False
928,/home/pi/sambashare/BacArbeit/randomized_iamges/928.jpg,0.02936482900008741,False,False,False,False,False,False,False,False,False,False,False,False,False,False,False
929,/home/pi/sambashare/BacArbeit/randomized_iamges/929.jpg,0.029358291999869834,False,False,False,False,False,False,False,False,False,False,False,False,False,False,False
930,/home/pi/sambashare/BacArbeit/randomized_iamges/930.jpg,0.029485458000181097,False,False,False,False,False,False,False,False,False,False,False,False,False,False,False
931,/home/pi/sambashare/BacArbeit/randomized_iamges/931.jpg,0.029331347999914215,False,False,False,False,False,False,False,False,False,False,False,False,False,False,False
932,/home/pi/sambashare/BacArbeit/randomized_iamges/932.jpg,0.029215349999958562,False,False,False,False,False,False,False,False,False,False,False,False,False,False,False
933,/home/pi/sambashare/BacArbeit/randomized_iamges/933.jpg,0.02952938299995367,False,False,False,False,False,False,False,False,False,False,False,False,False,False,False
934,/home/pi/sambashare/BacArbeit/randomized_iamges/934.jpg,0.029276903999971182,False,False,False,False,False,False,False,False,False,False,False,False,False,False,False
935,/home/pi/sambashare/BacArbeit/randomized_iamges/935.jpg,0.02927527499991811,False,False,False,False,False,False,False,False,False,False,False,False,False,False,False
936,/home/pi/sambashare/BacArbeit/randomized_iamges/936.jpg,0.02920721999998932,False,False,False,False,False,False,False,False,False,False,False,False,False,False,False
937,/home/pi/sambashare/BacArbeit/randomized_iamges/937.jpg,0.029251941999973496,False,False,False,False,False,False,False,False,False,False,False,False,False,False,False
938,/home/pi/sambashare/BacArbeit/randomized_iamges/938.jpg,0.029325773999971716,False,False,False,False,False,False,False,False,False,False,False,False,False,False,False
939,/home/pi/sambashare/BacArbeit/randomized_iamges/939.jpg,0.029239571999823966,False,False,False,False,False,False,False,False,False,False,False,False,False,False,False
940,/home/pi/sambashare/BacArbeit/randomized_iamges/940.jpg,0.02924422000000959,False,False,False,False,False,False,False,False,False,False,False,False,False,False,False
941,/home/pi/sambashare/BacArbeit/randomized_iamges/941.jpg,0.029332478000014817,False,False,False,False,False,False,False,False,False,False,False,False,False,False,False
942,/home/pi/sambashare/BacArbeit/randomized_iamges/942.jpg,0.029330402999903527,False,False,False,False,False,False,False,False,False,False,False,False,False,False,False
943,/home/pi/sambashare/BacArbeit/randomized_iamges/943.jpg,0.02922349799996482,False,False,False,False,False,False,False,False,False,False,False,False,False,False,False
944,/home/pi/sambashare/BacArbeit/randomized_iamges/944.jpg,0.029338274000110687,False,False,False,False,False,False,False,False,False,False,False,False,False,False,False
945,/home/pi/sambashare/BacArbeit/randomized_iamges/945.jpg,0.029245386999946277,False,False,False,False,False,False,False,False,False,False,False,False,False,False,False
946,/home/pi/sambashare/BacArbeit/randomized_iamges/946.jpg,0.029308552999964377,False,False,False,False,False,False,False,False,False,False,False,False,False,False,False
947,/home/pi/sambashare/BacArbeit/randomized_iamges/947.jpg,0.02939679199994316,False,False,False,False,False,False,False,False,False,False,False,False,False,False,False
948,/home/pi/sambashare/BacArbeit/randomized_iamges/948.jpg,0.029300830000011047,False,False,False,False,False,False,False,False,False,False,False,False,False,False,False
949,/home/pi/sambashare/BacArbeit/randomized_iamges/949.jpg,0.029392792000180634,False,False,False,False,False,False,False,False,False,False,False,False,False,False,False
950,/home/pi/sambashare/BacArbeit/randomized_iamges/950.jpg,0.029174961000080657,False,False,False,False,False,False,False,False,False,False,False,False,False,False,False
951,/home/pi/sambashare/BacArbeit/randomized_iamges/951.jpg,0.029287923000083538,False,False,False,False,False,False,False,False,False,False,False,False,False,False,False
952,/home/pi/sambashare/BacArbeit/randomized_iamges/952.jpg,0.029259071999831576,False,False,False,False,False,False,False,False,False,False,False,False,False,False,False
953,/home/pi/sambashare/BacArbeit/randomized_iamges/953.jpg,0.029352606999964337,False,False,False,False,False,False,False,False,False,False,False,False,False,False,False
954,/home/pi/sambashare/BacArbeit/randomized_iamges/954.jpg,0.029270183000107863,False,False,False,False,False,False,False,False,False,False,False,False,False,False,False
955,/home/pi/sambashare/BacArbeit/randomized_iamges/955.jpg,0.029389347000005728,False,False,False,False,False,False,False,False,False,False,False,False,False,False,False
956,/home/pi/sambashare/BacArbeit/randomized_iamges/956.jpg,0.029373717999988003,False,False,False,False,False,False,False,False,False,False,False,False,False,False,False
957,/home/pi/sambashare/BacArbeit/randomized_iamges/957.jpg,0.029397291999885056,False,False,False,False,False,False,False,False,False,False,False,False,False,False,False
958,/home/pi/sambashare/BacArbeit/randomized_iamges/958.jpg,0.02913201699993806,False,False,False,False,False,False,False,False,False,False,False,False,False,False,False
959,/home/pi/sambashare/BacArbeit/randomized_iamges/959.jpg,0.029169758000080037,False,False,False,False,False,False,False,False,False,False,False,False,False,False,False
960,/home/pi/sambashare/BacArbeit/randomized_iamges/960.jpg,0.029523198000106277,False,False,False,False,False,False,False,False,False,False,False,False,False,False,False
961,/home/pi/sambashare/BacArbeit/randomized_iamges/961.jpg,0.029234663999886834,False,False,False,False,False,False,False,False,False,False,False,False,False,False,False
962,/home/pi/sambashare/BacArbeit/randomized_iamges/962.jpg,0.029299108000031993,False,False,False,False,False,False,False,False,False,False,False,False,False,False,False
963,/home/pi/sambashare/BacArbeit/randomized_iamges/963.jpg,0.029280701000061526,False,False,False,False,False,False,False,False,False,False,False,False,False,False,False
964,/home/pi/sambashare/BacArbeit/randomized_iamges/964.jpg,0.029234589999987293,False,False,False,False,False,False,False,False,False,False,False,False,False,False,False
965,/home/pi/sambashare/BacArbeit/randomized_iamges/965.jpg,0.029397014000096533,False,False,False,False,False,False,False,False,False,False,False,False,False,False,False
966,/home/pi/sambashare/BacArbeit/randomized_iamges/966.jpg,0.02931023699989055,False,False,False,False,False,False,False,False,False,False,False,False,False,False,False
967,/home/pi/sambashare/BacArbeit/randomized_iamges/967.jpg,0.029361532999928386,False,False,False,False,False,False,False,False,False,False,False,False,False,False,False
968,/home/pi/sambashare/BacArbeit/randomized_iamges/968.jpg,0.0292204600000332,False,False,False,False,False,False,False,False,False,False,False,False,False,False,False
969,/home/pi/sambashare/BacArbeit/randomized_iamges/969.jpg,0.02925760900006935,False,False,False,False,False,False,False,False,False,False,False,False,False,False,False
970,/home/pi/sambashare/BacArbeit/randomized_iamges/970.jpg,0.029804657999875417,False,False,False,False,False,False,False,False,False,False,False,False,False,False,False
971,/home/pi/sambashare/BacArbeit/randomized_iamges/971.jpg,0.029333514999962063,False,False,False,False,False,False,False,False,False,False,False,False,False,False,False
972,/home/pi/sambashare/BacArbeit/randomized_iamges/972.jpg,0.02912366500004282,False,False,False,False,False,False,False,False,False,False,False,False,False,False,False
973,/home/pi/sambashare/BacArbeit/randomized_iamges/973.jpg,0.029280052999865802,False,False,False,False,False,False,False,False,False,False,False,False,False,False,False
974,/home/pi/sambashare/BacArbeit/randomized_iamges/974.jpg,0.029380051999851275,False,False,False,False,False,False,False,False,False,False,False,False,False,False,False
975,/home/pi/sambashare/BacArbeit/randomized_iamges/975.jpg,0.029248367000036524,False,False,False,False,False,False,False,False,False,False,False,False,False,False,False
976,/home/pi/sambashare/BacArbeit/randomized_iamges/976.jpg,0.029188331000113976,False,False,False,False,False,False,False,False,False,False,False,False,False,False,False
977,/home/pi/sambashare/BacArbeit/randomized_iamges/977.jpg,0.029323293000061312,False,False,False,False,False,False,False,False,False,False,False,False,False,False,False
978,/home/pi/sambashare/BacArbeit/randomized_iamges/978.jpg,0.029534272000091732,False,False,False,False,False,False,False,False,False,False,False,False,False,False,False
979,/home/pi/sambashare/BacArbeit/randomized_iamges/979.jpg,0.029360922000023493,False,False,False,False,False,False,False,False,False,False,False,False,False,False,False
980,/home/pi/sambashare/BacArbeit/randomized_iamges/980.jpg,0.029295070999978634,False,False,False,False,False,False,False,False,False,False,False,False,False,False,False
981,/home/pi/sambashare/BacArbeit/randomized_iamges/981.jpg,0.029323145000034856,False,False,False,False,False,False,False,False,False,False,False,False,False,False,False
982,/home/pi/sambashare/BacArbeit/randomized_iamges/982.jpg,0.029245201000094312,False,False,False,False,False,False,False,False,False,False,False,False,False,False,False
983,/home/pi/sambashare/BacArbeit/randomized_iamges/983.jpg,0.029213423999863153,False,False,False,False,False,False,False,False,False,False,False,False,False,False,False
984,/home/pi/sambashare/BacArbeit/randomized_iamges/984.jpg,0.029397439999911512,False,False,False,False,False,False,False,False,False,False,False,False,False,False,False
985,/home/pi/sambashare/BacArbeit/randomized_iamges/985.jpg,0.029556900999978097,False,False,False,False,False,False,False,False,False,False,False,False,False,False,False
986,/home/pi/sambashare/BacArbeit/randomized_iamges/986.jpg,0.029195608999998512,False,False,False,False,False,False,False,False,False,False,False,False,False,False,False
987,/home/pi/sambashare/BacArbeit/randomized_iamges/987.jpg,0.029302718999815625,False,False,False,False,False,False,False,False,False,False,False,False,False,False,False
988,/home/pi/sambashare/BacArbeit/randomized_iamges/988.jpg,0.02922131199989053,False,False,False,False,False,False,False,False,False,False,False,False,False,False,False
989,/home/pi/sambashare/BacArbeit/randomized_iamges/989.jpg,0.029302904000132912,False,False,False,False,False,False,False,False,False,False,False,False,False,False,False
990,/home/pi/sambashare/BacArbeit/randomized_iamges/990.jpg,0.029135443000086525,False,False,False,False,False,False,False,False,False,False,False,False,False,False,False
991,/home/pi/sambashare/BacArbeit/randomized_iamges/991.jpg,0.02924431199994615,False,False,False,False,False,False,False,False,False,False,False,False,False,False,False
992,/home/pi/sambashare/BacArbeit/randomized_iamges/992.jpg,0.02939277299992682,False,False,False,False,False,False,False,False,False,False,False,False,False,False,False
993,/home/pi/sambashare/BacArbeit/randomized_iamges/993.jpg,0.029159645999925488,False,False,False,False,False,False,False,False,False,False,False,False,False,False,False
994,/home/pi/sambashare/BacArbeit/randomized_iamges/994.jpg,0.02911031400003594,False,False,False,False,False,False,False,False,False,False,False,False,False,False,False
995,/home/pi/sambashare/BacArbeit/randomized_iamges/995.jpg,0.029333959000041432,False,False,False,False,False,False,False,False,False,False,False,False,False,False,False
996,/home/pi/sambashare/BacArbeit/randomized_iamges/996.jpg,0.029318015000171727,False,False,False,False,False,False,False,False,False,False,False,False,False,False,False
997,/home/pi/sambashare/BacArbeit/randomized_iamges/997.jpg,0.029088646999980483,False,False,False,False,False,False,False,False,False,False,False,False,False,False,False
998,/home/pi/sambashare/BacArbeit/randomized_iamges/998.jpg,0.02929007099987757,False,False,False,False,False,False,False,False,False,False,False,False,False,False,False
999,/home/pi/sambashare/BacArbeit/randomized_iamges/999.jpg,0.029358848000129,False,False,False,False,False,False,False,False,False,False,False,False,False,False,False
